frame_time,sean_anger,sean_contempt,sean_disgust,sean_fear,sean_happiness,sean_neutral,sean_sadness,sean_surprise,url,date
0,,,,,,,,,https://s3.amazonaws.com/100daysofspice/1_23_17/1_23_17___0.jpg,1_23_17
1,,,,,,,,,https://s3.amazonaws.com/100daysofspice/1_23_17/1_23_17___1.jpg,1_23_17
2,,,,,,,,,https://s3.amazonaws.com/100daysofspice/1_23_17/1_23_17___2.jpg,1_23_17
3,0.00557318,0.002341535,0.004360174,0.000167756,0.36348787,0.60394156,0.007127206,0.013000736,https://s3.amazonaws.com/100daysofspice/1_23_17/1_23_17___3.jpg,1_23_17
4,0.007064753,0.02775094,0.009252267,2.18E-05,0.232040435,0.70700103,0.000756119,0.016112637,https://s3.amazonaws.com/100daysofspice/1_23_17/1_23_17___4.jpg,1_23_17
5,0.001467395,0.007937845,0.00480102,6.67E-06,0.5511468,0.42117396,0.000362436,0.013103904,https://s3.amazonaws.com/100daysofspice/1_23_17/1_23_17___5.jpg,1_23_17
6,0.002434359,0.006894473,0.001916329,0.000156327,0.020419408,0.9077569,0.059340254,0.001081913,https://s3.amazonaws.com/100daysofspice/1_23_17/1_23_17___6.jpg,1_23_17
7,0.0918951,0.010301705,0.022193065,0.000670531,0.01361825,0.79319,0.004101082,0.06403027,https://s3.amazonaws.com/100daysofspice/1_23_17/1_23_17___7.jpg,1_23_17
8,0.016636375,0.002157413,0.012431665,0.000468148,0.003062754,0.8764664,0.085322425,0.003454813,https://s3.amazonaws.com/100daysofspice/1_23_17/1_23_17___8.jpg,1_23_17
9,0.00206915,0.005373482,0.003128775,0.000179281,0.027083453,0.701692164,0.2600826,0.000391069,https://s3.amazonaws.com/100daysofspice/1_23_17/1_23_17___9.jpg,1_23_17
10,3.71E-05,0.002062544,0.000453837,1.06E-06,0.940887749,0.055769704,0.00025464,0.00053339,https://s3.amazonaws.com/100daysofspice/1_23_17/1_23_17___10.jpg,1_23_17
11,0.000877467,0.000310671,0.000506073,2.04E-05,0.905477,0.069513604,0.022764707,0.000530055,https://s3.amazonaws.com/100daysofspice/1_23_17/1_23_17___11.jpg,1_23_17
12,0.001717799,0.002522303,0.001238965,8.39E-05,0.9201544,0.053645186,0.018753434,0.001884037,https://s3.amazonaws.com/100daysofspice/1_23_17/1_23_17___12.jpg,1_23_17
13,0.000101376,1.47E-06,1.30E-05,1.75E-07,0.999681056,0.000120995,6.96E-05,1.23E-05,https://s3.amazonaws.com/100daysofspice/1_23_17/1_23_17___13.jpg,1_23_17
14,0.01057491,0.01078847,0.013036681,0.000418561,0.240695879,0.6953859,0.024256447,0.004843195,https://s3.amazonaws.com/100daysofspice/1_23_17/1_23_17___14.jpg,1_23_17
15,0.000745162,0.005920018,0.001168543,0.000197173,0.3894766,0.5044294,0.09741587,0.000647221,https://s3.amazonaws.com/100daysofspice/1_23_17/1_23_17___15.jpg,1_23_17
16,0.028641839,0.01392885,0.020683309,3.66E-05,0.08197072,0.845059633,0.001663554,0.008015473,https://s3.amazonaws.com/100daysofspice/1_23_17/1_23_17___16.jpg,1_23_17
17,0.002268278,0.000389853,0.001510103,1.89E-05,0.000455148,0.940280139,0.054670617,0.000406944,https://s3.amazonaws.com/100daysofspice/1_23_17/1_23_17___17.jpg,1_23_17
18,0.000730893,0.005094933,0.00125641,7.64E-05,0.171029732,0.784374654,0.036481068,0.00095589,https://s3.amazonaws.com/100daysofspice/1_23_17/1_23_17___18.jpg,1_23_17
19,0.002703172,0.011298482,0.004928363,0.000238308,0.255719662,0.6297396,0.09403158,0.001340868,https://s3.amazonaws.com/100daysofspice/1_23_17/1_23_17___19.jpg,1_23_17
20,0.004315636,0.00661906,0.007637172,0.000202556,0.028752543,0.8352774,0.1157602,0.001435452,https://s3.amazonaws.com/100daysofspice/1_23_17/1_23_17___20.jpg,1_23_17
21,0.002737327,0.004181289,0.003472796,0.000398122,0.3331704,0.5238765,0.127124324,0.005039231,https://s3.amazonaws.com/100daysofspice/1_23_17/1_23_17___21.jpg,1_23_17
22,0.009917027,0.021980265,0.012209686,6.59E-05,0.430364817,0.484584242,0.001608823,0.039269276,https://s3.amazonaws.com/100daysofspice/1_23_17/1_23_17___22.jpg,1_23_17
23,0.004477541,0.002575712,0.003250319,0.000184271,0.5834863,0.386220545,0.015718944,0.00408633,https://s3.amazonaws.com/100daysofspice/1_23_17/1_23_17___23.jpg,1_23_17
24,0.034753922,0.010308826,0.03617605,0.001760347,0.134972051,0.6629118,0.108882077,0.010234964,https://s3.amazonaws.com/100daysofspice/1_23_17/1_23_17___24.jpg,1_23_17
25,0.011953543,0.005901934,0.008191165,0.001472124,0.429066867,0.486061752,0.050274584,0.007078027,https://s3.amazonaws.com/100daysofspice/1_23_17/1_23_17___25.jpg,1_23_17
26,0.002103357,0.000877397,0.002441019,0.000191762,0.683528841,0.253944218,0.0554096,0.001503778,https://s3.amazonaws.com/100daysofspice/1_23_17/1_23_17___26.jpg,1_23_17
27,0.000698465,0.001700086,0.001053701,7.15E-05,0.7496783,0.216293141,0.02804579,0.002459023,https://s3.amazonaws.com/100daysofspice/1_23_17/1_23_17___27.jpg,1_23_17
28,0.000884716,0.097530305,0.004098054,6.57E-06,0.6232036,0.270619,0.000899328,0.002758452,https://s3.amazonaws.com/100daysofspice/1_23_17/1_23_17___28.jpg,1_23_17
29,0.004813761,0.002619669,0.002569904,9.52E-05,0.8701562,0.101112589,0.015882935,0.002749657,https://s3.amazonaws.com/100daysofspice/1_23_17/1_23_17___29.jpg,1_23_17
30,0.028232995,0.004050506,0.021123346,0.001227416,0.7887213,0.08976767,0.040681694,0.02619503,https://s3.amazonaws.com/100daysofspice/1_23_17/1_23_17___30.jpg,1_23_17
31,0.001506658,0.002291921,0.001330707,6.73E-05,0.025084278,0.9389361,0.03015748,0.000625532,https://s3.amazonaws.com/100daysofspice/1_23_17/1_23_17___31.jpg,1_23_17
32,0.002490507,0.000655773,0.002347818,1.43E-05,8.42E-05,0.5824143,0.411959022,3.40E-05,https://s3.amazonaws.com/100daysofspice/1_23_17/1_23_17___32.jpg,1_23_17
33,0.001770331,0.00028301,0.001090553,1.24E-05,0.000655777,0.944508553,0.05139253,0.000286853,https://s3.amazonaws.com/100daysofspice/1_23_17/1_23_17___33.jpg,1_23_17
34,0.007452528,0.002354661,0.002977958,0.000434581,0.000493475,0.859110355,0.002062085,0.125114366,https://s3.amazonaws.com/100daysofspice/1_23_17/1_23_17___34.jpg,1_23_17
35,0.003299483,0.000462687,0.001934818,1.94E-05,0.00065835,0.857103169,0.13620393,0.000318177,https://s3.amazonaws.com/100daysofspice/1_23_17/1_23_17___35.jpg,1_23_17
36,0.002152302,0.000533122,0.001508168,8.30E-06,6.60E-05,0.657682538,0.337964326,8.53E-05,https://s3.amazonaws.com/100daysofspice/1_23_17/1_23_17___36.jpg,1_23_17
37,0.00100862,7.89E-05,0.000271217,6.20E-07,7.44E-06,0.763890147,0.234730721,1.23E-05,https://s3.amazonaws.com/100daysofspice/1_23_17/1_23_17___37.jpg,1_23_17
38,0.339296371,0.003570179,0.030474357,0.000299106,0.000273664,0.4408137,0.001123829,0.184148818,https://s3.amazonaws.com/100daysofspice/1_23_17/1_23_17___38.jpg,1_23_17
39,0.06775526,0.007447646,0.017326886,0.000343744,0.000221402,0.826724,0.004670068,0.075511016,https://s3.amazonaws.com/100daysofspice/1_23_17/1_23_17___39.jpg,1_23_17
40,0.023908913,0.000400347,0.01508355,0.000247582,3.77E-05,0.7242407,0.2304772,0.005603964,https://s3.amazonaws.com/100daysofspice/1_23_17/1_23_17___40.jpg,1_23_17
41,0.004175228,0.000143572,0.000608969,5.55E-07,2.24E-06,0.6819497,0.313115656,4.10E-06,https://s3.amazonaws.com/100daysofspice/1_23_17/1_23_17___41.jpg,1_23_17
42,0.001551026,0.000212993,0.000482111,1.74E-06,2.74E-05,0.8317051,0.165977657,4.20E-05,https://s3.amazonaws.com/100daysofspice/1_23_17/1_23_17___42.jpg,1_23_17
43,0.023254354,0.001127107,0.01656074,0.000618352,0.000173582,0.8067221,0.145573467,0.005970316,https://s3.amazonaws.com/100daysofspice/1_23_17/1_23_17___43.jpg,1_23_17
44,0.007282221,0.000168339,0.003760568,4.10E-05,4.99E-05,0.8908675,0.097271815,0.000558734,https://s3.amazonaws.com/100daysofspice/1_23_17/1_23_17___44.jpg,1_23_17
45,0.020403428,0.001148202,0.013397903,0.000202456,2.68E-05,0.8623468,0.09162408,0.010850304,https://s3.amazonaws.com/100daysofspice/1_23_17/1_23_17___45.jpg,1_23_17
46,0.000346935,0.000203882,0.00013521,5.84E-07,0.000228556,0.898894548,0.100179277,1.10E-05,https://s3.amazonaws.com/100daysofspice/1_23_17/1_23_17___46.jpg,1_23_17
47,0.141741127,0.002712618,0.093585685,0.005592716,0.00394966,0.376923263,0.373536617,0.001958336,https://s3.amazonaws.com/100daysofspice/1_23_17/1_23_17___47.jpg,1_23_17
48,0.000673884,7.08E-05,0.000144267,5.98E-08,1.24E-05,0.610721946,0.388376236,4.48E-07,https://s3.amazonaws.com/100daysofspice/1_23_17/1_23_17___48.jpg,1_23_17
49,0.012816603,0.000459915,0.005360516,4.59E-05,6.11E-06,0.6945855,0.286105573,0.000619877,https://s3.amazonaws.com/100daysofspice/1_23_17/1_23_17___49.jpg,1_23_17
50,0.001000358,0.000134003,0.000291291,3.28E-07,1.01E-05,0.6293762,0.369184732,3.01E-06,https://s3.amazonaws.com/100daysofspice/1_23_17/1_23_17___50.jpg,1_23_17
51,0.003234651,0.001553729,0.002213673,4.13E-05,0.002068385,0.7159932,0.2747148,0.00018026,https://s3.amazonaws.com/100daysofspice/1_23_17/1_23_17___51.jpg,1_23_17
52,0.052144043,0.001036974,0.017217416,0.000433001,3.52E-05,0.7970882,0.126756132,0.00528898,https://s3.amazonaws.com/100daysofspice/1_23_17/1_23_17___52.jpg,1_23_17
53,0.017829457,0.003800374,0.002477149,0.000904691,8.48E-05,0.9390663,0.011213617,0.024623664,https://s3.amazonaws.com/100daysofspice/1_23_17/1_23_17___53.jpg,1_23_17
54,0.000932199,0.000185465,0.001057772,6.09E-06,5.29E-05,0.5990502,0.398649544,6.58E-05,https://s3.amazonaws.com/100daysofspice/1_23_17/1_23_17___54.jpg,1_23_17
55,0.000774301,4.75E-05,0.000485491,7.42E-06,9.37E-05,0.841880739,0.156426951,0.000283864,https://s3.amazonaws.com/100daysofspice/1_23_17/1_23_17___55.jpg,1_23_17
56,0.000441155,3.80E-05,6.32E-05,1.33E-07,1.53E-05,0.898561656,0.100874491,6.07E-06,https://s3.amazonaws.com/100daysofspice/1_23_17/1_23_17___56.jpg,1_23_17
57,0.002223918,0.000302108,0.002153083,2.29E-05,0.001852124,0.8515197,0.141706929,0.00021922,https://s3.amazonaws.com/100daysofspice/1_23_17/1_23_17___57.jpg,1_23_17
58,0.07214835,0.004730826,0.009786163,0.000854209,0.000344882,0.840512156,0.002230541,0.06939286,https://s3.amazonaws.com/100daysofspice/1_23_17/1_23_17___58.jpg,1_23_17
59,0.000184903,1.44E-05,4.49E-05,9.48E-08,1.48E-05,0.8175781,0.182160348,2.39E-06,https://s3.amazonaws.com/100daysofspice/1_23_17/1_23_17___59.jpg,1_23_17
60,0.001126823,5.45E-05,0.000750613,2.84E-06,9.19E-05,0.908632636,0.089177765,0.000162943,https://s3.amazonaws.com/100daysofspice/1_23_17/1_23_17___60.jpg,1_23_17
61,0.001093745,7.91E-06,1.90E-05,2.14E-08,1.92E-07,0.7289786,0.2699004,2.03E-07,https://s3.amazonaws.com/100daysofspice/1_23_17/1_23_17___61.jpg,1_23_17
62,0.05449911,0.007691314,0.016074592,0.000399256,0.000510466,0.852357447,0.001922062,0.06654573,https://s3.amazonaws.com/100daysofspice/1_23_17/1_23_17___62.jpg,1_23_17
63,0.000287559,0.000249,0.000129275,1.12E-07,6.89E-05,0.931429446,0.06783001,5.65E-06,https://s3.amazonaws.com/100daysofspice/1_23_17/1_23_17___63.jpg,1_23_17
64,0.028495781,0.000918649,0.013905507,0.001067318,8.88E-05,0.8343563,0.10112001,0.020047642,https://s3.amazonaws.com/100daysofspice/1_23_17/1_23_17___64.jpg,1_23_17
65,0.140713334,0.011897392,0.021700457,0.000349335,0.000124591,0.8039192,0.008651534,0.012644143,https://s3.amazonaws.com/100daysofspice/1_23_17/1_23_17___65.jpg,1_23_17
66,0.000617957,7.61E-05,0.000448117,1.99E-06,4.83E-06,0.809957,0.188809156,8.48E-05,https://s3.amazonaws.com/100daysofspice/1_23_17/1_23_17___66.jpg,1_23_17
67,0.001710482,9.13E-05,0.000823367,5.50E-06,0.00026401,0.9257648,0.07113294,0.000207659,https://s3.amazonaws.com/100daysofspice/1_23_17/1_23_17___67.jpg,1_23_17
68,0.001033455,6.06E-05,0.000153086,2.30E-07,7.21E-06,0.7527463,0.245996237,2.94E-06,https://s3.amazonaws.com/100daysofspice/1_23_17/1_23_17___68.jpg,1_23_17
69,0.000765607,0.002196818,0.002271937,1.65E-05,4.87E-05,0.740782261,0.253734618,0.000183501,https://s3.amazonaws.com/100daysofspice/1_23_17/1_23_17___69.jpg,1_23_17
70,0.008940843,0.000819631,0.008688842,0.000176153,6.10E-05,0.892619848,0.07502464,0.013669063,https://s3.amazonaws.com/100daysofspice/1_23_17/1_23_17___70.jpg,1_23_17
71,0.004161127,0.004642746,0.000390369,1.23E-06,0.000118109,0.9896367,0.000841024,0.00020865,https://s3.amazonaws.com/100daysofspice/1_23_17/1_23_17___71.jpg,1_23_17
72,0.015361482,0.000198115,0.002446325,4.77E-05,5.15E-06,0.836227059,0.144873068,0.000841139,https://s3.amazonaws.com/100daysofspice/1_23_17/1_23_17___72.jpg,1_23_17
73,0.06344034,0.000589216,0.015080706,0.000264796,2.49E-05,0.8295034,0.08417056,0.006926102,https://s3.amazonaws.com/100daysofspice/1_23_17/1_23_17___73.jpg,1_23_17
74,0.006079673,0.002348013,0.002936094,4.70E-05,0.000574286,0.7970914,0.190461829,0.000461641,https://s3.amazonaws.com/100daysofspice/1_23_17/1_23_17___74.jpg,1_23_17
75,0.001028459,0.000250888,0.003081905,1.99E-05,1.51E-05,0.5242408,0.471223831,0.00013917,https://s3.amazonaws.com/100daysofspice/1_23_17/1_23_17___75.jpg,1_23_17
76,0.012232114,0.000751737,0.009321663,0.000307781,0.000128221,0.836411238,0.1316911,0.009156137,https://s3.amazonaws.com/100daysofspice/1_23_17/1_23_17___76.jpg,1_23_17
77,0.005795955,0.000293126,0.001096983,4.90E-06,9.47E-06,0.724636734,0.2680954,6.74E-05,https://s3.amazonaws.com/100daysofspice/1_23_17/1_23_17___77.jpg,1_23_17
78,0.008832774,0.000882334,0.00859664,0.000275058,0.000152344,0.830098748,0.139325619,0.011836489,https://s3.amazonaws.com/100daysofspice/1_23_17/1_23_17___78.jpg,1_23_17
79,0.004681863,0.00051128,0.005133427,5.96E-05,8.46E-05,0.839084148,0.148386091,0.002059019,https://s3.amazonaws.com/100daysofspice/1_23_17/1_23_17___79.jpg,1_23_17
80,0.006100748,0.001506593,0.00650062,0.000183712,0.000125142,0.6354577,0.3490712,0.00105425,https://s3.amazonaws.com/100daysofspice/1_23_17/1_23_17___80.jpg,1_23_17
81,0.000937538,0.000715261,0.000526539,8.55E-06,0.000783535,0.868742049,0.128188953,9.76E-05,https://s3.amazonaws.com/100daysofspice/1_23_17/1_23_17___81.jpg,1_23_17
82,0.003764522,0.000193442,0.001407658,2.04E-05,1.85E-05,0.8583942,0.135913834,0.000287436,https://s3.amazonaws.com/100daysofspice/1_23_17/1_23_17___82.jpg,1_23_17
83,0.01423151,0.000942962,0.008326077,0.000414269,7.13E-05,0.8299211,0.141796708,0.004296075,https://s3.amazonaws.com/100daysofspice/1_23_17/1_23_17___83.jpg,1_23_17
84,0.03740967,0.007011007,0.02413989,0.000925974,0.000237811,0.8181164,0.09318351,0.0189757,https://s3.amazonaws.com/100daysofspice/1_23_17/1_23_17___84.jpg,1_23_17
85,0.001400165,0.000251137,0.000537381,4.22E-06,3.32E-05,0.895506,0.10219536,7.25E-05,https://s3.amazonaws.com/100daysofspice/1_23_17/1_23_17___85.jpg,1_23_17
86,0.001956969,0.000329327,0.001005877,2.97E-06,1.60E-05,0.8149162,0.18173945,3.33E-05,https://s3.amazonaws.com/100daysofspice/1_23_17/1_23_17___86.jpg,1_23_17
87,0.000875103,5.41E-05,0.000168604,4.53E-07,3.68E-06,0.8692686,0.129614234,1.52E-05,https://s3.amazonaws.com/100daysofspice/1_23_17/1_23_17___87.jpg,1_23_17
88,0.005957901,0.001797162,0.000868022,5.02E-06,0.000161311,0.89594835,0.09521194,5.03E-05,https://s3.amazonaws.com/100daysofspice/1_23_17/1_23_17___88.jpg,1_23_17
89,0.003295608,0.000218032,0.001551222,2.36E-05,0.000181263,0.866787,0.127556846,0.000386462,https://s3.amazonaws.com/100daysofspice/1_23_17/1_23_17___89.jpg,1_23_17
90,0.005767487,0.000166411,0.000867994,8.06E-06,8.79E-06,0.8473308,0.145693257,0.000157212,https://s3.amazonaws.com/100daysofspice/1_23_17/1_23_17___90.jpg,1_23_17
91,0.001963937,0.000314212,0.001691441,1.72E-05,9.19E-05,0.8533306,0.1421922,0.000398431,https://s3.amazonaws.com/100daysofspice/1_23_17/1_23_17___91.jpg,1_23_17
92,0.001960297,0.000336211,0.00150255,7.28E-06,6.81E-05,0.8623547,0.133572072,0.000198824,https://s3.amazonaws.com/100daysofspice/1_23_17/1_23_17___92.jpg,1_23_17
93,0.004597858,0.000993132,0.001099865,1.43E-05,0.00025464,0.90737,0.08537127,0.000298931,https://s3.amazonaws.com/100daysofspice/1_23_17/1_23_17___93.jpg,1_23_17
94,0.024204396,0.001786272,0.025518557,0.002141914,0.000308849,0.769839764,0.159378022,0.01682224,https://s3.amazonaws.com/100daysofspice/1_23_17/1_23_17___94.jpg,1_23_17
95,0.025278779,0.007483618,0.00160247,0.000232641,5.58E-05,0.953349531,0.0065121,0.005485041,https://s3.amazonaws.com/100daysofspice/1_23_17/1_23_17___95.jpg,1_23_17
96,0.001868981,0.000242032,0.000416059,2.51E-06,1.32E-05,0.7252039,0.272224426,2.90E-05,https://s3.amazonaws.com/100daysofspice/1_23_17/1_23_17___96.jpg,1_23_17
97,0.03121553,0.00048522,0.009368437,0.00048275,2.80E-05,0.8644094,0.043218326,0.050792385,https://s3.amazonaws.com/100daysofspice/1_23_17/1_23_17___97.jpg,1_23_17
98,0.009987501,0.000495366,0.005695386,0.000113385,0.000202966,0.931376159,0.044698507,0.007430742,https://s3.amazonaws.com/100daysofspice/1_23_17/1_23_17___98.jpg,1_23_17
99,0.000689138,0.00032082,0.0001112,2.99E-07,1.98E-05,0.8560783,0.142773092,7.28E-06,https://s3.amazonaws.com/100daysofspice/1_23_17/1_23_17___99.jpg,1_23_17
100,0.07169566,0.009280033,0.014368441,0.001211293,0.00068716,0.8331001,0.006323075,0.06333423,https://s3.amazonaws.com/100daysofspice/1_23_17/1_23_17___100.jpg,1_23_17
101,0.002002392,0.000234798,0.000896737,1.11E-05,0.000194826,0.767923951,0.228654578,8.16E-05,https://s3.amazonaws.com/100daysofspice/1_23_17/1_23_17___101.jpg,1_23_17
102,0.001671535,0.000191811,0.00072268,1.17E-06,4.38E-05,0.6983993,0.298960865,8.89E-06,https://s3.amazonaws.com/100daysofspice/1_23_17/1_23_17___102.jpg,1_23_17
103,0.00180026,0.000275301,0.000736397,4.12E-06,2.26E-05,0.7123738,0.284726918,6.06E-05,https://s3.amazonaws.com/100daysofspice/1_23_17/1_23_17___103.jpg,1_23_17
104,0.011259297,0.000518418,0.013504947,0.000167551,0.000160845,0.8517155,0.1194801,0.003193321,https://s3.amazonaws.com/100daysofspice/1_23_17/1_23_17___104.jpg,1_23_17
105,0.07228836,0.004710256,0.001891398,7.61E-05,1.14E-05,0.913490236,0.005325847,0.002206352,https://s3.amazonaws.com/100daysofspice/1_23_17/1_23_17___105.jpg,1_23_17
106,0.010547129,0.00054476,0.0034352,0.000110919,0.000159766,0.909745932,0.07382359,0.001632703,https://s3.amazonaws.com/100daysofspice/1_23_17/1_23_17___106.jpg,1_23_17
107,0.016499803,0.000532564,0.005329197,9.03E-05,5.65E-05,0.794598,0.182251051,0.000642667,https://s3.amazonaws.com/100daysofspice/1_23_17/1_23_17___107.jpg,1_23_17
108,0.115238734,0.001808798,0.019668018,9.30E-05,0.00303081,0.6858796,0.000766967,0.173514128,https://s3.amazonaws.com/100daysofspice/1_23_17/1_23_17___108.jpg,1_23_17
109,0.2756038,0.006330457,0.0716119,0.000703364,0.000230173,0.5855799,0.012757701,0.047182728,https://s3.amazonaws.com/100daysofspice/1_23_17/1_23_17___109.jpg,1_23_17
110,0.237556532,0.003473133,0.023145536,3.86E-05,0.000231415,0.6778356,0.000636605,0.057082553,https://s3.amazonaws.com/100daysofspice/1_23_17/1_23_17___110.jpg,1_23_17
111,0.06367046,0.015144289,0.031185035,0.001897161,0.000208932,0.720256031,0.012004226,0.155633852,https://s3.amazonaws.com/100daysofspice/1_23_17/1_23_17___111.jpg,1_23_17
112,0.000979716,0.000278604,0.000498044,3.09E-06,0.000440207,0.880456448,0.117246278,9.76E-05,https://s3.amazonaws.com/100daysofspice/1_23_17/1_23_17___112.jpg,1_23_17
113,0.002922277,0.00030613,0.001061069,1.71E-05,6.86E-05,0.760402143,0.2349175,0.000305152,https://s3.amazonaws.com/100daysofspice/1_23_17/1_23_17___113.jpg,1_23_17
114,0.010913813,0.000385667,0.003545478,4.96E-05,0.00018419,0.91293,0.070604146,0.0013871,https://s3.amazonaws.com/100daysofspice/1_23_17/1_23_17___114.jpg,1_23_17
115,0.000245009,3.90E-05,7.05E-05,2.29E-07,1.22E-05,0.8103065,0.189316764,9.82E-06,https://s3.amazonaws.com/100daysofspice/1_23_17/1_23_17___115.jpg,1_23_17
116,0.001521271,0.00016521,0.000383177,5.43E-06,4.95E-05,0.8672205,0.130568609,8.63E-05,https://s3.amazonaws.com/100daysofspice/1_23_17/1_23_17___116.jpg,1_23_17
117,0.005437156,0.000403381,0.001405336,1.04E-05,1.29E-05,0.795597255,0.197024435,0.000109176,https://s3.amazonaws.com/100daysofspice/1_23_17/1_23_17___117.jpg,1_23_17
118,0.001733241,0.000945826,7.66E-05,1.68E-07,4.78E-07,0.996665061,0.000561317,1.74E-05,https://s3.amazonaws.com/100daysofspice/1_23_17/1_23_17___118.jpg,1_23_17
119,0.017297208,0.002124038,0.011922747,0.00032897,0.002560022,0.6906888,0.002547847,0.272530377,https://s3.amazonaws.com/100daysofspice/1_23_17/1_23_17___119.jpg,1_23_17
120,0.03056434,0.002442102,0.009733018,0.002034571,0.001253567,0.590918362,0.010146685,0.35290733,https://s3.amazonaws.com/100daysofspice/1_23_17/1_23_17___120.jpg,1_23_17
121,0.000206244,1.37E-05,8.00E-05,1.54E-07,5.42E-06,0.7752717,0.224418208,4.64E-06,https://s3.amazonaws.com/100daysofspice/1_23_17/1_23_17___121.jpg,1_23_17
122,0.000702801,6.65E-05,0.000205462,1.56E-06,2.05E-05,0.8628709,0.136086747,4.56E-05,https://s3.amazonaws.com/100daysofspice/1_23_17/1_23_17___122.jpg,1_23_17
123,0.000583063,0.000109502,0.000302672,8.43E-07,3.97E-05,0.665540934,0.3334139,9.42E-06,https://s3.amazonaws.com/100daysofspice/1_23_17/1_23_17___123.jpg,1_23_17
124,0.002395493,0.000122045,0.001620328,3.63E-05,0.000155841,0.907396734,0.08663821,0.001635074,https://s3.amazonaws.com/100daysofspice/1_23_17/1_23_17___124.jpg,1_23_17
125,0.002262257,2.48E-05,0.000293118,4.69E-07,8.75E-06,0.686017752,0.311389267,3.53E-06,https://s3.amazonaws.com/100daysofspice/1_23_17/1_23_17___125.jpg,1_23_17
126,0.224144429,0.004832409,0.009236947,0.000561451,4.34E-05,0.741051733,0.012198806,0.007930839,https://s3.amazonaws.com/100daysofspice/1_23_17/1_23_17___126.jpg,1_23_17
127,0.001464094,6.05E-05,0.000423129,1.49E-06,2.52E-05,0.854554355,0.1434474,2.38E-05,https://s3.amazonaws.com/100daysofspice/1_23_17/1_23_17___127.jpg,1_23_17
128,0.009034111,0.004574956,0.000154211,2.12E-07,2.58E-06,0.9850198,0.001199293,1.48E-05,https://s3.amazonaws.com/100daysofspice/1_23_17/1_23_17___128.jpg,1_23_17
129,0.001868698,0.002799534,0.002270148,0.000104606,0.000362726,0.9303896,0.05925808,0.002946634,https://s3.amazonaws.com/100daysofspice/1_23_17/1_23_17___129.jpg,1_23_17
130,0.002832482,0.000425817,0.000968914,7.12E-06,0.000319335,0.8241715,0.171151936,0.000122934,https://s3.amazonaws.com/100daysofspice/1_23_17/1_23_17___130.jpg,1_23_17
131,0.002910287,9.95E-05,0.000223977,7.10E-07,6.24E-06,0.800960958,0.195787191,1.11E-05,https://s3.amazonaws.com/100daysofspice/1_23_17/1_23_17___131.jpg,1_23_17
132,0.000783239,0.000150242,0.000124567,1.49E-07,1.31E-05,0.811558068,0.187368,2.61E-06,https://s3.amazonaws.com/100daysofspice/1_23_17/1_23_17___132.jpg,1_23_17
133,0.001485751,0.000179226,0.000535793,2.46E-06,3.28E-05,0.663561046,0.3341852,1.77E-05,https://s3.amazonaws.com/100daysofspice/1_23_17/1_23_17___133.jpg,1_23_17
134,0.05439956,0.005303184,0.020896493,0.00101479,0.001730292,0.8514121,0.027587712,0.037655823,https://s3.amazonaws.com/100daysofspice/1_23_17/1_23_17___134.jpg,1_23_17
135,0.021130044,0.0007887,0.005074911,0.000296165,5.39E-05,0.9121661,0.004757314,0.055732824,https://s3.amazonaws.com/100daysofspice/1_23_17/1_23_17___135.jpg,1_23_17
136,0.00646394,0.001717294,0.016660286,0.000341589,0.000341457,0.8453521,0.10886585,0.020257486,https://s3.amazonaws.com/100daysofspice/1_23_17/1_23_17___136.jpg,1_23_17
137,0.001428624,0.000270282,0.001880722,1.43E-05,3.76E-05,0.8834214,0.112150773,0.000796287,https://s3.amazonaws.com/100daysofspice/1_23_17/1_23_17___137.jpg,1_23_17
138,0.003736526,0.000700076,0.00401378,1.64E-05,5.49E-06,0.5217397,0.469722718,6.53E-05,https://s3.amazonaws.com/100daysofspice/1_23_17/1_23_17___138.jpg,1_23_17
139,0.165684938,0.002401612,0.029261868,0.000533279,0.000399585,0.396141,0.001836135,0.403741568,https://s3.amazonaws.com/100daysofspice/1_23_17/1_23_17___139.jpg,1_23_17
140,0.004868373,0.000910726,0.007030825,6.80E-05,0.000317469,0.915026069,0.06622342,0.00555506,https://s3.amazonaws.com/100daysofspice/1_23_17/1_23_17___140.jpg,1_23_17
141,0.008395223,0.001103217,0.009503359,0.00033874,7.90E-05,0.8591844,0.1022571,0.019138943,https://s3.amazonaws.com/100daysofspice/1_23_17/1_23_17___141.jpg,1_23_17
142,0.005889036,0.000122423,0.001439459,8.93E-06,3.55E-06,0.807112753,0.185276881,0.000146966,https://s3.amazonaws.com/100daysofspice/1_23_17/1_23_17___142.jpg,1_23_17
143,0.003654613,0.003084692,0.001560454,2.36E-05,0.002219946,0.9158785,0.07329882,0.000279423,https://s3.amazonaws.com/100daysofspice/1_23_17/1_23_17___143.jpg,1_23_17
144,0.016751837,0.006974219,0.00167825,3.27E-07,5.72E-06,0.972317338,0.002207929,6.44E-05,https://s3.amazonaws.com/100daysofspice/1_23_17/1_23_17___144.jpg,1_23_17
145,0.004793021,0.001426643,0.007536369,0.000361506,0.001449731,0.8215592,0.154305309,0.008568247,https://s3.amazonaws.com/100daysofspice/1_23_17/1_23_17___145.jpg,1_23_17
146,0.01586508,0.002583302,0.000785658,6.14E-06,3.22E-05,0.9774519,0.002722107,0.000553585,https://s3.amazonaws.com/100daysofspice/1_23_17/1_23_17___146.jpg,1_23_17
147,0.020669885,0.00090134,0.01989125,0.000167392,6.43E-05,0.810121655,0.143922552,0.004261642,https://s3.amazonaws.com/100daysofspice/1_23_17/1_23_17___147.jpg,1_23_17
148,0.00901912,0.000864711,0.007535792,0.001002186,0.000100057,0.8183436,0.1282008,0.034933757,https://s3.amazonaws.com/100daysofspice/1_23_17/1_23_17___148.jpg,1_23_17
149,0.000439902,0.000136637,0.000222055,7.40E-06,9.09E-06,0.8438968,0.15511848,0.000169618,https://s3.amazonaws.com/100daysofspice/1_23_17/1_23_17___149.jpg,1_23_17
150,0.04520815,0.002112464,0.017319884,9.27E-05,0.00012308,0.862327337,0.003623707,0.06919271,https://s3.amazonaws.com/100daysofspice/1_23_17/1_23_17___150.jpg,1_23_17
151,0.094866656,0.001556842,0.02147974,0.000142543,0.000137528,0.6570849,0.001811863,0.222919971,https://s3.amazonaws.com/100daysofspice/1_23_17/1_23_17___151.jpg,1_23_17
152,0.008175328,0.001738801,0.016745562,0.000472491,1.18E-05,0.564900637,0.40504095,0.002914417,https://s3.amazonaws.com/100daysofspice/1_23_17/1_23_17___152.jpg,1_23_17
153,0.000308605,0.000205786,0.000127715,9.08E-07,2.49E-05,0.776184559,0.223129,1.86E-05,https://s3.amazonaws.com/100daysofspice/1_23_17/1_23_17___153.jpg,1_23_17
154,0.002434133,0.00035346,0.002018911,3.97E-05,0.000166278,0.6902736,0.304446965,0.00026701,https://s3.amazonaws.com/100daysofspice/1_23_17/1_23_17___154.jpg,1_23_17
155,0.000371763,0.000102656,0.000107134,1.56E-07,3.61E-06,0.77085644,0.228554651,3.58E-06,https://s3.amazonaws.com/100daysofspice/1_23_17/1_23_17___155.jpg,1_23_17
156,0.00081506,5.90E-05,0.000194717,1.26E-06,7.18E-06,0.8596833,0.139203221,3.63E-05,https://s3.amazonaws.com/100daysofspice/1_23_17/1_23_17___156.jpg,1_23_17
157,0.008391229,0.000421049,0.004235121,0.000112048,0.000278493,0.9437365,0.023691662,0.019133888,https://s3.amazonaws.com/100daysofspice/1_23_17/1_23_17___157.jpg,1_23_17
158,0.010470867,0.000197666,0.003301047,4.21E-05,7.12E-05,0.913697362,0.07041016,0.001809577,https://s3.amazonaws.com/100daysofspice/1_23_17/1_23_17___158.jpg,1_23_17
159,0.004419105,0.001619783,0.008929434,0.000604146,3.53E-05,0.7250667,0.2566762,0.00264925,https://s3.amazonaws.com/100daysofspice/1_23_17/1_23_17___159.jpg,1_23_17
160,0.002342375,8.08E-05,0.001712868,3.58E-06,1.41E-05,0.9385382,0.056878846,0.000429188,https://s3.amazonaws.com/100daysofspice/1_23_17/1_23_17___160.jpg,1_23_17
161,0.00379901,0.005150207,0.002481062,7.29E-05,0.016026387,0.8315491,0.140474141,0.000447243,https://s3.amazonaws.com/100daysofspice/1_23_17/1_23_17___161.jpg,1_23_17
162,0.009814192,0.000965467,0.01392439,0.001402428,0.000182649,0.6905627,0.270736873,0.012411247,https://s3.amazonaws.com/100daysofspice/1_23_17/1_23_17___162.jpg,1_23_17
163,0.008648779,0.000182615,0.000634993,4.92E-06,2.25E-06,0.7273688,0.263124675,3.30E-05,https://s3.amazonaws.com/100daysofspice/1_23_17/1_23_17___163.jpg,1_23_17
164,0.121748947,0.002430882,0.02277373,0.003084891,6.75E-05,0.7212186,0.0391372,0.089538194,https://s3.amazonaws.com/100daysofspice/1_23_17/1_23_17___164.jpg,1_23_17
165,0.003711587,0.000325639,0.003159532,0.000114933,0.00019206,0.8105158,0.1801494,0.001831033,https://s3.amazonaws.com/100daysofspice/1_23_17/1_23_17___165.jpg,1_23_17
166,0.027283737,0.001998488,0.015145581,0.000269235,0.001128043,0.877975464,0.062103983,0.014095481,https://s3.amazonaws.com/100daysofspice/1_23_17/1_23_17___166.jpg,1_23_17
167,0.005342427,0.000169863,0.000420606,2.93E-06,7.55E-06,0.770332932,0.22368592,3.77E-05,https://s3.amazonaws.com/100daysofspice/1_23_17/1_23_17___167.jpg,1_23_17
168,0.002063793,5.39E-05,0.000347521,8.07E-07,1.96E-05,0.951748133,0.045723133,4.32E-05,https://s3.amazonaws.com/100daysofspice/1_23_17/1_23_17___168.jpg,1_23_17
169,0.056963142,0.005394991,0.005928528,3.04E-06,8.66E-06,0.9282781,0.003027026,0.000396508,https://s3.amazonaws.com/100daysofspice/1_23_17/1_23_17___169.jpg,1_23_17
170,0.001321103,0.000198369,0.000818782,8.39E-06,3.11E-05,0.7425027,0.255008072,0.000111502,https://s3.amazonaws.com/100daysofspice/1_23_17/1_23_17___170.jpg,1_23_17
171,0.02954323,0.011715766,0.025979355,0.001231851,0.002200458,0.864721656,0.016108196,0.048499502,https://s3.amazonaws.com/100daysofspice/1_23_17/1_23_17___171.jpg,1_23_17
172,0.001634596,0.000308042,0.000685685,6.20E-06,6.05E-05,0.7162798,0.280986756,3.84E-05,https://s3.amazonaws.com/100daysofspice/1_23_17/1_23_17___172.jpg,1_23_17
173,0.0392982,0.001906437,0.022153292,0.000749763,0.00036184,0.7679578,0.1572069,0.010365784,https://s3.amazonaws.com/100daysofspice/1_23_17/1_23_17___173.jpg,1_23_17
174,0.000572854,1.56E-05,0.000177524,2.63E-07,1.65E-06,0.745671,0.253550828,1.03E-05,https://s3.amazonaws.com/100daysofspice/1_23_17/1_23_17___174.jpg,1_23_17
175,0.000671623,2.67E-05,0.000103843,2.13E-07,6.10E-07,0.5205302,0.478664041,2.77E-06,https://s3.amazonaws.com/100daysofspice/1_23_17/1_23_17___175.jpg,1_23_17
176,0.001945271,0.000582754,0.001323004,3.22E-05,4.50E-05,0.789393842,0.206236,0.00044196,https://s3.amazonaws.com/100daysofspice/1_23_17/1_23_17___176.jpg,1_23_17
177,0.008358776,0.001207373,0.008842825,0.000110763,0.000588655,0.8807947,0.097311854,0.002785043,https://s3.amazonaws.com/100daysofspice/1_23_17/1_23_17___177.jpg,1_23_17
178,0.132033259,0.00741345,0.03371563,0.000364722,0.000234567,0.791193843,0.007379866,0.027664643,https://s3.amazonaws.com/100daysofspice/1_23_17/1_23_17___178.jpg,1_23_17
179,0.001812802,0.00027119,0.000775599,1.17E-05,3.75E-05,0.8363427,0.160574868,0.000173596,https://s3.amazonaws.com/100daysofspice/1_23_17/1_23_17___179.jpg,1_23_17
180,0.016994726,0.001518814,0.012837398,0.000152753,0.001157956,0.7475381,0.218851954,0.000948323,https://s3.amazonaws.com/100daysofspice/1_23_17/1_23_17___180.jpg,1_23_17
181,0.004525159,0.000236054,0.001196359,2.36E-05,0.000205361,0.9138998,0.079163306,0.000750395,https://s3.amazonaws.com/100daysofspice/1_23_17/1_23_17___181.jpg,1_23_17
182,0.008550598,0.00036477,0.00264202,0.000210567,0.000124189,0.8931158,0.09170186,0.003290189,https://s3.amazonaws.com/100daysofspice/1_23_17/1_23_17___182.jpg,1_23_17
183,0.013294868,0.000339142,0.001541852,2.29E-05,3.76E-05,0.761158466,0.223408282,0.000196932,https://s3.amazonaws.com/100daysofspice/1_23_17/1_23_17___183.jpg,1_23_17
184,0.000222829,4.17E-05,8.76E-05,5.86E-07,6.50E-05,0.7082541,0.291318476,9.77E-06,https://s3.amazonaws.com/100daysofspice/1_23_17/1_23_17___184.jpg,1_23_17
185,0.007729384,0.000137046,0.001572274,2.19E-05,5.27E-05,0.799553156,0.190683261,0.000250294,https://s3.amazonaws.com/100daysofspice/1_23_17/1_23_17___185.jpg,1_23_17
186,0.006968017,0.000633026,0.007314478,0.000229295,1.51E-05,0.692925155,0.287109673,0.004805234,https://s3.amazonaws.com/100daysofspice/1_23_17/1_23_17___186.jpg,1_23_17
187,0.005276473,0.000274649,0.002668865,9.12E-05,5.65E-05,0.9144227,0.07056343,0.006646269,https://s3.amazonaws.com/100daysofspice/1_23_17/1_23_17___187.jpg,1_23_17
188,0.000143838,1.82E-05,3.59E-05,2.62E-08,3.02E-05,0.9161093,0.0836609,1.59E-06,https://s3.amazonaws.com/100daysofspice/1_23_17/1_23_17___188.jpg,1_23_17
189,0.000631132,0.000752342,3.88E-05,7.92E-09,5.29E-06,0.998469949,9.95E-05,3.00E-06,https://s3.amazonaws.com/100daysofspice/1_23_17/1_23_17___189.jpg,1_23_17
190,0.00063198,4.41E-05,0.000132946,1.81E-07,6.15E-06,0.6975391,0.30164367,1.85E-06,https://s3.amazonaws.com/100daysofspice/1_23_17/1_23_17___190.jpg,1_23_17
191,0.001659163,3.97E-05,0.00026213,1.86E-06,3.41E-06,0.869646,0.128325775,6.19E-05,https://s3.amazonaws.com/100daysofspice/1_23_17/1_23_17___191.jpg,1_23_17
192,0.008239976,0.000299901,0.000964718,6.11E-06,1.43E-05,0.7422733,0.24814789,5.38E-05,https://s3.amazonaws.com/100daysofspice/1_23_17/1_23_17___192.jpg,1_23_17
193,0.007740134,0.000799185,0.000787768,6.05E-05,3.05E-05,0.8907778,0.09881611,0.000988005,https://s3.amazonaws.com/100daysofspice/1_23_17/1_23_17___193.jpg,1_23_17
194,0.02695602,0.006287514,0.020394757,0.00014268,0.004013033,0.9015653,0.005600878,0.035039824,https://s3.amazonaws.com/100daysofspice/1_23_17/1_23_17___194.jpg,1_23_17
195,0.000956904,0.000215864,0.000650776,1.09E-06,1.24E-05,0.851893544,0.146221831,4.76E-05,https://s3.amazonaws.com/100daysofspice/1_23_17/1_23_17___195.jpg,1_23_17
196,0.014826709,0.000655739,0.006907783,6.28E-05,5.37E-06,0.7231021,0.253008574,0.001430876,https://s3.amazonaws.com/100daysofspice/1_23_17/1_23_17___196.jpg,1_23_17
197,0.030707246,0.002084328,0.023430878,0.000542984,0.000108754,0.6765775,0.258105069,0.008443236,https://s3.amazonaws.com/100daysofspice/1_23_17/1_23_17___197.jpg,1_23_17
198,0.028492795,0.001918983,0.018097414,0.000145806,0.000356091,0.8707739,0.07705405,0.003160921,https://s3.amazonaws.com/100daysofspice/1_23_17/1_23_17___198.jpg,1_23_17
199,0.05509236,0.002884932,0.023604779,0.000148891,0.002010331,0.8394604,0.033548355,0.043249995,https://s3.amazonaws.com/100daysofspice/1_23_17/1_23_17___199.jpg,1_23_17
200,0.003870657,0.001368489,0.00217503,8.91E-05,0.000201545,0.7711388,0.219926953,0.001229423,https://s3.amazonaws.com/100daysofspice/1_23_17/1_23_17___200.jpg,1_23_17
201,0.001974385,8.96E-05,0.000919456,1.05E-05,6.97E-06,0.7983476,0.198109835,0.000541725,https://s3.amazonaws.com/100daysofspice/1_23_17/1_23_17___201.jpg,1_23_17
202,0.007165709,0.000897597,0.002031028,6.76E-06,1.38E-05,0.6644405,0.325410575,3.40E-05,https://s3.amazonaws.com/100daysofspice/1_23_17/1_23_17___202.jpg,1_23_17
203,0.001166922,7.44E-05,0.000117318,6.27E-08,1.31E-06,0.7622951,0.236344025,8.86E-07,https://s3.amazonaws.com/100daysofspice/1_23_17/1_23_17___203.jpg,1_23_17
204,0.008076874,0.000156125,0.004735,3.22E-05,2.50E-06,0.7856976,0.200651079,0.000648672,https://s3.amazonaws.com/100daysofspice/1_23_17/1_23_17___204.jpg,1_23_17
205,0.004854097,0.000442599,0.002344051,6.23E-05,0.000183083,0.832781255,0.158411711,0.000920862,https://s3.amazonaws.com/100daysofspice/1_23_17/1_23_17___205.jpg,1_23_17
206,0.002343984,0.000451414,0.000710866,1.75E-06,5.32E-05,0.780697167,0.215720162,2.15E-05,https://s3.amazonaws.com/100daysofspice/1_23_17/1_23_17___206.jpg,1_23_17
207,0.002403039,0.000132896,0.000747057,4.07E-06,9.45E-06,0.7037073,0.292939,5.72E-05,https://s3.amazonaws.com/100daysofspice/1_23_17/1_23_17___207.jpg,1_23_17
208,0.043344427,0.003392438,0.040545963,0.0008145,0.000518019,0.781575561,0.120017946,0.009791147,https://s3.amazonaws.com/100daysofspice/1_23_17/1_23_17___208.jpg,1_23_17
209,0.016651608,0.001292153,0.018094363,0.000344766,0.000105003,0.8188837,0.140888736,0.003739631,https://s3.amazonaws.com/100daysofspice/1_23_17/1_23_17___209.jpg,1_23_17
210,0.012257776,0.001441891,0.012290528,0.000584786,0.000370304,0.7078869,0.261535764,0.003632107,https://s3.amazonaws.com/100daysofspice/1_23_17/1_23_17___210.jpg,1_23_17
211,0.2989174,0.001815628,0.0167147,8.92E-05,6.92E-05,0.663114,0.002080893,0.017198948,https://s3.amazonaws.com/100daysofspice/1_23_17/1_23_17___211.jpg,1_23_17
212,0.042925306,0.00450773,0.031730015,0.002267716,0.000513332,0.77806747,0.09043705,0.049551398,https://s3.amazonaws.com/100daysofspice/1_23_17/1_23_17___212.jpg,1_23_17
213,0.005813258,0.00036539,0.005405406,0.000237459,2.75E-05,0.812683642,0.17059648,0.004870833,https://s3.amazonaws.com/100daysofspice/1_23_17/1_23_17___213.jpg,1_23_17
214,0.076722406,0.004121467,0.049608655,0.009246624,0.000103858,0.5888643,0.249446929,0.021885704,https://s3.amazonaws.com/100daysofspice/1_23_17/1_23_17___214.jpg,1_23_17
215,0.009761585,0.000359912,0.002694398,4.83E-05,0.000167896,0.9277062,0.057584267,0.001677425,https://s3.amazonaws.com/100daysofspice/1_23_17/1_23_17___215.jpg,1_23_17
216,0.000771851,9.31E-05,9.12E-05,2.62E-07,4.65E-06,0.7964418,0.202592492,4.54E-06,https://s3.amazonaws.com/100daysofspice/1_23_17/1_23_17___216.jpg,1_23_17
217,0.007335576,0.000494833,0.003741754,0.00013032,1.88E-05,0.877586961,0.103475891,0.00721588,https://s3.amazonaws.com/100daysofspice/1_23_17/1_23_17___217.jpg,1_23_17
218,0.041433953,0.006894327,0.015449226,0.00067471,0.000600945,0.8758022,0.0358568,0.023287801,https://s3.amazonaws.com/100daysofspice/1_23_17/1_23_17___218.jpg,1_23_17
219,0.021905238,0.003317947,0.019439047,0.00069779,6.76E-05,0.8416823,0.09061433,0.022275714,https://s3.amazonaws.com/100daysofspice/1_23_17/1_23_17___219.jpg,1_23_17
220,0.053219162,0.004729279,0.020670358,0.000833398,4.06E-05,0.863523841,0.044536047,0.012447284,https://s3.amazonaws.com/100daysofspice/1_23_17/1_23_17___220.jpg,1_23_17
221,0.002317742,0.000125608,0.00145948,2.09E-05,5.46E-05,0.751535058,0.243983284,0.000503306,https://s3.amazonaws.com/100daysofspice/1_23_17/1_23_17___221.jpg,1_23_17
222,0.000414236,4.25E-05,0.000222043,1.79E-06,2.51E-05,0.7643146,0.234932825,4.70E-05,https://s3.amazonaws.com/100daysofspice/1_23_17/1_23_17___222.jpg,1_23_17
223,0.001331814,0.000157529,0.000121012,9.48E-08,1.56E-06,0.575525045,0.4228619,1.01E-06,https://s3.amazonaws.com/100daysofspice/1_23_17/1_23_17___223.jpg,1_23_17
224,0.002495633,0.00023932,0.001318577,9.68E-06,0.000146041,0.7680451,0.227607548,0.000138078,https://s3.amazonaws.com/100daysofspice/1_23_17/1_23_17___224.jpg,1_23_17
225,0.00016868,5.01E-05,2.72E-05,2.36E-08,5.06E-05,0.8766844,0.123018093,8.18E-07,https://s3.amazonaws.com/100daysofspice/1_23_17/1_23_17___225.jpg,1_23_17
226,0.002648674,0.000357806,0.000597854,8.48E-07,4.82E-06,0.5389688,0.457416445,4.74E-06,https://s3.amazonaws.com/100daysofspice/1_23_17/1_23_17___226.jpg,1_23_17
227,0.001117374,6.34E-05,0.000892203,6.24E-06,7.27E-05,0.7754891,0.222267389,9.15E-05,https://s3.amazonaws.com/100daysofspice/1_23_17/1_23_17___227.jpg,1_23_17
228,0.001867202,0.000122571,0.000805477,1.57E-06,3.51E-05,0.66191417,0.33524543,8.47E-06,https://s3.amazonaws.com/100daysofspice/1_23_17/1_23_17___228.jpg,1_23_17
229,0.003835327,0.00027053,0.003734005,2.40E-05,0.00018454,0.903984845,0.087425694,0.000541055,https://s3.amazonaws.com/100daysofspice/1_23_17/1_23_17___229.jpg,1_23_17
230,0.01089312,0.000255952,0.006632055,3.99E-05,0.000367468,0.923206151,0.057479654,0.001125688,https://s3.amazonaws.com/100daysofspice/1_23_17/1_23_17___230.jpg,1_23_17
231,0.00070563,2.63E-05,7.29E-05,4.78E-08,3.56E-06,0.838448644,0.160742044,8.22E-07,https://s3.amazonaws.com/100daysofspice/1_23_17/1_23_17___231.jpg,1_23_17
232,0.002255089,7.79E-05,7.20E-05,2.41E-08,1.37E-06,0.8741096,0.123483293,7.10E-07,https://s3.amazonaws.com/100daysofspice/1_23_17/1_23_17___232.jpg,1_23_17
233,0.000330378,1.52E-05,1.97E-05,2.24E-08,1.28E-06,0.9098736,0.08975866,1.20E-06,https://s3.amazonaws.com/100daysofspice/1_23_17/1_23_17___233.jpg,1_23_17
234,0.031270977,0.002180368,0.009224089,0.000561758,9.76E-05,0.7883795,0.008523422,0.1597623,https://s3.amazonaws.com/100daysofspice/1_23_17/1_23_17___234.jpg,1_23_17
235,0.003714581,0.000119865,0.001034102,2.37E-05,1.47E-05,0.896485031,0.09796803,0.000639972,https://s3.amazonaws.com/100daysofspice/1_23_17/1_23_17___235.jpg,1_23_17
236,0.001624606,5.67E-05,0.000169012,3.24E-07,2.45E-05,0.905625463,0.09248776,1.16E-05,https://s3.amazonaws.com/100daysofspice/1_23_17/1_23_17___236.jpg,1_23_17
237,0.001550625,1.33E-05,6.85E-05,5.74E-09,6.36E-08,0.564569533,0.433797836,8.13E-08,https://s3.amazonaws.com/100daysofspice/1_23_17/1_23_17___237.jpg,1_23_17
238,0.003723159,0.000896048,0.000269071,1.99E-06,3.91E-06,0.9897076,0.005308578,8.97E-05,https://s3.amazonaws.com/100daysofspice/1_23_17/1_23_17___238.jpg,1_23_17
239,0.001707729,2.71E-05,0.000396346,5.21E-07,2.83E-06,0.7155488,0.282309443,7.23E-06,https://s3.amazonaws.com/100daysofspice/1_23_17/1_23_17___239.jpg,1_23_17
240,0.000879743,2.63E-05,0.000560563,6.32E-06,7.65E-06,0.8892574,0.108857445,0.000404573,https://s3.amazonaws.com/100daysofspice/1_23_17/1_23_17___240.jpg,1_23_17
