frame_time,sean_anger,sean_contempt,sean_disgust,sean_fear,sean_happiness,sean_neutral,sean_sadness,sean_surprise,url,date
0,,,,,,,,,https://s3.amazonaws.com/100daysofspice/1_24_17/1_24_17___0.jpg,1_24_17
1,,,,,,,,,https://s3.amazonaws.com/100daysofspice/1_24_17/1_24_17___1.jpg,1_24_17
2,,,,,,,,,https://s3.amazonaws.com/100daysofspice/1_24_17/1_24_17___2.jpg,1_24_17
3,,,,,,,,,https://s3.amazonaws.com/100daysofspice/1_24_17/1_24_17___3.jpg,1_24_17
4,0.004617847,0.025191402,0.008386526,4.72E-05,0.239320025,0.7085559,0.001582374,0.012298754,https://s3.amazonaws.com/100daysofspice/1_24_17/1_24_17___4.jpg,1_24_17
5,8.59E-06,1.58E-07,3.26E-07,1.50E-08,0.999947131,2.50E-05,1.85E-05,2.81E-07,https://s3.amazonaws.com/100daysofspice/1_24_17/1_24_17___5.jpg,1_24_17
6,1.69E-08,2.82E-08,2.23E-07,3.75E-13,0.999999642,9.37E-08,1.43E-09,1.37E-08,https://s3.amazonaws.com/100daysofspice/1_24_17/1_24_17___6.jpg,1_24_17
7,3.09E-05,7.61E-07,6.86E-05,8.32E-09,0.999857843,1.51E-05,2.55E-05,1.29E-06,https://s3.amazonaws.com/100daysofspice/1_24_17/1_24_17___7.jpg,1_24_17
8,,,,,,,,,https://s3.amazonaws.com/100daysofspice/1_24_17/1_24_17___8.jpg,1_24_17
9,1.07E-09,1.46E-09,4.22E-08,4.07E-14,0.99999994,2.17E-08,8.42E-11,3.30E-09,https://s3.amazonaws.com/100daysofspice/1_24_17/1_24_17___9.jpg,1_24_17
10,0.00022294,1.50E-05,8.22E-06,2.94E-07,0.9985251,0.001042603,0.000184332,1.46E-06,https://s3.amazonaws.com/100daysofspice/1_24_17/1_24_17___10.jpg,1_24_17
11,0.04032631,0.05517654,0.038208265,0.000997166,0.705981255,0.0849471,0.028447691,0.045915686,https://s3.amazonaws.com/100daysofspice/1_24_17/1_24_17___11.jpg,1_24_17
12,0.018119033,0.026267897,0.017762395,0.000649012,0.166222826,0.7345606,0.027162433,0.009255771,https://s3.amazonaws.com/100daysofspice/1_24_17/1_24_17___12.jpg,1_24_17
13,0.008426508,0.005610466,0.00531516,0.000362834,0.0889206,0.8541773,0.03524229,0.001944866,https://s3.amazonaws.com/100daysofspice/1_24_17/1_24_17___13.jpg,1_24_17
14,0.006902011,0.001952581,0.004652468,0.000735972,0.000297017,0.9254207,0.027225317,0.032813955,https://s3.amazonaws.com/100daysofspice/1_24_17/1_24_17___14.jpg,1_24_17
15,0.017627511,0.002541628,0.008427555,0.000185912,0.00086454,0.9411952,0.01001557,0.019142075,https://s3.amazonaws.com/100daysofspice/1_24_17/1_24_17___15.jpg,1_24_17
16,0.020325447,0.000346042,0.002710837,0.000783242,6.98E-05,0.901901841,0.002769344,0.0710934,https://s3.amazonaws.com/100daysofspice/1_24_17/1_24_17___16.jpg,1_24_17
17,0.002659063,0.00058763,0.001159458,2.69E-05,0.000715423,0.908502042,0.08590142,0.000448069,https://s3.amazonaws.com/100daysofspice/1_24_17/1_24_17___17.jpg,1_24_17
18,0.016294131,0.001473296,0.008680165,0.00063391,0.000468103,0.8569242,0.104642428,0.010883763,https://s3.amazonaws.com/100daysofspice/1_24_17/1_24_17___18.jpg,1_24_17
19,0.000247256,9.48E-05,0.000130829,2.89E-06,0.000106304,0.94126296,0.057884906,0.000270021,https://s3.amazonaws.com/100daysofspice/1_24_17/1_24_17___19.jpg,1_24_17
20,0.002674922,0.000122523,0.000842061,1.26E-05,1.26E-06,0.815202951,0.180366933,0.000776726,https://s3.amazonaws.com/100daysofspice/1_24_17/1_24_17___20.jpg,1_24_17
21,0.022574935,0.001774552,0.01443994,0.000261555,0.001007588,0.8907005,0.06507843,0.004162504,https://s3.amazonaws.com/100daysofspice/1_24_17/1_24_17___21.jpg,1_24_17
22,0.07557413,0.001873255,0.02587718,0.001119648,0.000513231,0.7479778,0.13845557,0.008609212,https://s3.amazonaws.com/100daysofspice/1_24_17/1_24_17___22.jpg,1_24_17
23,0.1396759,0.008547133,0.015748285,0.0037751,1.86E-05,0.7704744,0.016804233,0.04495631,https://s3.amazonaws.com/100daysofspice/1_24_17/1_24_17___23.jpg,1_24_17
24,0.024075102,0.001065446,0.00609279,0.000701009,0.00047966,0.8557106,0.006762079,0.105113313,https://s3.amazonaws.com/100daysofspice/1_24_17/1_24_17___24.jpg,1_24_17
25,0.139326409,0.006876367,0.016835978,0.000888141,0.000257614,0.7543517,0.002427119,0.07903671,https://s3.amazonaws.com/100daysofspice/1_24_17/1_24_17___25.jpg,1_24_17
26,0.009701297,0.009180361,0.00101257,1.19E-05,6.31E-05,0.976919234,0.000847213,0.002264325,https://s3.amazonaws.com/100daysofspice/1_24_17/1_24_17___26.jpg,1_24_17
27,0.002593721,0.002467503,0.000442018,2.65E-06,0.000233019,0.992065251,0.001707632,0.000488229,https://s3.amazonaws.com/100daysofspice/1_24_17/1_24_17___27.jpg,1_24_17
28,0.03076779,0.001309646,0.019249143,0.000328911,0.000705631,0.874201655,0.06833747,0.005099727,https://s3.amazonaws.com/100daysofspice/1_24_17/1_24_17___28.jpg,1_24_17
29,0.001407363,0.000418672,0.000253,7.78E-07,5.79E-05,0.891410053,0.106438473,1.38E-05,https://s3.amazonaws.com/100daysofspice/1_24_17/1_24_17___29.jpg,1_24_17
30,0.008581767,0.000426586,0.003512129,0.000108632,0.000221583,0.8345616,0.151952058,0.000635693,https://s3.amazonaws.com/100daysofspice/1_24_17/1_24_17___30.jpg,1_24_17
31,0.000399481,0.000146315,0.000111633,2.19E-07,7.73E-05,0.870786548,0.1284736,4.95E-06,https://s3.amazonaws.com/100daysofspice/1_24_17/1_24_17___31.jpg,1_24_17
32,0.002172739,0.000320919,0.00047784,1.26E-06,1.19E-05,0.63177973,0.365228564,7.05E-06,https://s3.amazonaws.com/100daysofspice/1_24_17/1_24_17___32.jpg,1_24_17
33,0.02415818,0.000611989,0.006019047,0.000149412,8.97E-05,0.8606836,0.1057138,0.002574247,https://s3.amazonaws.com/100daysofspice/1_24_17/1_24_17___33.jpg,1_24_17
34,0.012159172,0.000458542,0.004887813,0.000244415,5.67E-05,0.9120315,0.055697024,0.01446483,https://s3.amazonaws.com/100daysofspice/1_24_17/1_24_17___34.jpg,1_24_17
35,0.014370595,0.000941285,0.005718709,0.000125857,0.000134244,0.768267155,0.209489629,0.000952551,https://s3.amazonaws.com/100daysofspice/1_24_17/1_24_17___35.jpg,1_24_17
36,0.012264089,0.00017367,0.003724801,2.11E-05,4.40E-05,0.9527911,0.028403638,0.002577611,https://s3.amazonaws.com/100daysofspice/1_24_17/1_24_17___36.jpg,1_24_17
37,0.014553818,0.001060214,8.04E-05,4.29E-06,4.91E-07,0.977959454,0.006267237,7.40E-05,https://s3.amazonaws.com/100daysofspice/1_24_17/1_24_17___37.jpg,1_24_17
38,0.036314596,0.001238246,0.017845433,0.000570632,0.000192535,0.717035353,0.224367574,0.002435598,https://s3.amazonaws.com/100daysofspice/1_24_17/1_24_17___38.jpg,1_24_17
39,0.001602083,0.000325495,0.000390591,3.27E-06,0.000183071,0.8683542,0.129061326,8.00E-05,https://s3.amazonaws.com/100daysofspice/1_24_17/1_24_17___39.jpg,1_24_17
40,0.00550055,0.004420251,0.003969484,0.000162294,0.000360486,0.973959267,0.004943831,0.006683826,https://s3.amazonaws.com/100daysofspice/1_24_17/1_24_17___40.jpg,1_24_17
41,0.0130681,0.005826097,0.007900801,8.45E-05,0.004656505,0.9413938,0.001714397,0.025355846,https://s3.amazonaws.com/100daysofspice/1_24_17/1_24_17___41.jpg,1_24_17
42,0.010704728,0.008463398,0.007978601,6.94E-05,0.004337973,0.952622354,0.001933158,0.013890386,https://s3.amazonaws.com/100daysofspice/1_24_17/1_24_17___42.jpg,1_24_17
43,0.011394094,0.002443545,0.002512275,0.000164986,9.80E-05,0.954952955,0.001776753,0.026657455,https://s3.amazonaws.com/100daysofspice/1_24_17/1_24_17___43.jpg,1_24_17
44,0.007738341,0.003904486,0.000622536,8.69E-05,5.79E-05,0.981975436,0.004203621,0.001410771,https://s3.amazonaws.com/100daysofspice/1_24_17/1_24_17___44.jpg,1_24_17
45,0.001043699,6.67E-05,0.000177932,6.30E-07,5.35E-05,0.8307728,0.167875543,9.19E-06,https://s3.amazonaws.com/100daysofspice/1_24_17/1_24_17___45.jpg,1_24_17
46,0.001882855,0.000320917,0.000465497,1.03E-05,0.000324751,0.882199347,0.114678323,0.000118009,https://s3.amazonaws.com/100daysofspice/1_24_17/1_24_17___46.jpg,1_24_17
47,0.000445933,5.44E-05,8.00E-05,2.31E-07,4.23E-05,0.8404353,0.158938691,3.10E-06,https://s3.amazonaws.com/100daysofspice/1_24_17/1_24_17___47.jpg,1_24_17
48,0.000322497,1.05E-05,1.44E-05,1.61E-08,7.84E-07,0.75691545,0.242735878,4.25E-07,https://s3.amazonaws.com/100daysofspice/1_24_17/1_24_17___48.jpg,1_24_17
49,0.08772651,0.01582328,0.036679946,0.001104501,0.000207351,0.7981129,0.010107409,0.05023806,https://s3.amazonaws.com/100daysofspice/1_24_17/1_24_17___49.jpg,1_24_17
50,0.06798184,0.006239527,0.013988593,0.000945907,0.000187509,0.8631201,0.018236755,0.02929981,https://s3.amazonaws.com/100daysofspice/1_24_17/1_24_17___50.jpg,1_24_17
51,0.003520265,0.000272948,0.000545221,2.92E-06,3.12E-05,0.787747145,0.207848057,3.23E-05,https://s3.amazonaws.com/100daysofspice/1_24_17/1_24_17___51.jpg,1_24_17
52,0.010569088,0.003148747,0.01361413,0.00120781,0.00015372,0.745160937,0.209072158,0.017073406,https://s3.amazonaws.com/100daysofspice/1_24_17/1_24_17___52.jpg,1_24_17
53,0.027051268,0.002330099,0.007107115,4.65E-05,0.001758636,0.753599,0.000353583,0.207753822,https://s3.amazonaws.com/100daysofspice/1_24_17/1_24_17___53.jpg,1_24_17
54,0.009021226,0.000172051,0.001842486,2.37E-05,1.20E-05,0.712280631,0.2764899,0.000158014,https://s3.amazonaws.com/100daysofspice/1_24_17/1_24_17___54.jpg,1_24_17
55,0.258275539,0.008111425,0.026097842,0.000186115,0.000490769,0.689988434,0.001216377,0.015633496,https://s3.amazonaws.com/100daysofspice/1_24_17/1_24_17___55.jpg,1_24_17
56,0.042716015,0.001228047,0.015951295,0.002336754,9.33E-05,0.708412468,0.00813533,0.22112675,https://s3.amazonaws.com/100daysofspice/1_24_17/1_24_17___56.jpg,1_24_17
57,0.183711573,0.007504168,0.012336311,0.001017741,1.20E-05,0.7552602,0.005427477,0.03473054,https://s3.amazonaws.com/100daysofspice/1_24_17/1_24_17___57.jpg,1_24_17
58,0.000873182,4.31E-05,8.99E-05,9.44E-08,7.22E-06,0.7460702,0.2529155,8.21E-07,https://s3.amazonaws.com/100daysofspice/1_24_17/1_24_17___58.jpg,1_24_17
59,0.004318767,0.000494783,0.000412812,6.17E-07,2.68E-05,0.727277339,0.2674662,2.70E-06,https://s3.amazonaws.com/100daysofspice/1_24_17/1_24_17___59.jpg,1_24_17
60,0.006783022,0.007020177,0.012145381,9.95E-06,0.528201342,0.435910165,0.000623285,0.009306655,https://s3.amazonaws.com/100daysofspice/1_24_17/1_24_17___60.jpg,1_24_17
61,0.00026349,0.018241448,0.001126502,1.89E-06,0.5422867,0.430813,0.000136864,0.007130127,https://s3.amazonaws.com/100daysofspice/1_24_17/1_24_17___61.jpg,1_24_17
62,0.003322062,0.01263165,0.0045284,7.62E-06,0.472988576,0.485668451,0.000182334,0.020670919,https://s3.amazonaws.com/100daysofspice/1_24_17/1_24_17___62.jpg,1_24_17
63,0.000526059,0.01885509,0.000506742,1.23E-07,0.008380598,0.9713565,0.000225668,0.000149202,https://s3.amazonaws.com/100daysofspice/1_24_17/1_24_17___63.jpg,1_24_17
64,0.04570731,0.012313987,0.015987543,0.001063248,0.00521319,0.8426214,0.005750358,0.071343,https://s3.amazonaws.com/100daysofspice/1_24_17/1_24_17___64.jpg,1_24_17
65,0.014524693,0.003432576,0.001227537,0.000489841,0.00012388,0.9683784,0.006392245,0.005430785,https://s3.amazonaws.com/100daysofspice/1_24_17/1_24_17___65.jpg,1_24_17
66,0.028422741,0.005378153,0.005318721,1.60E-05,0.001055416,0.9255329,0.000213411,0.034062658,https://s3.amazonaws.com/100daysofspice/1_24_17/1_24_17___66.jpg,1_24_17
67,0.000148836,0.002089725,0.000922867,2.37E-07,0.9168092,0.07899685,7.76E-05,0.000954642,https://s3.amazonaws.com/100daysofspice/1_24_17/1_24_17___67.jpg,1_24_17
68,0.016111001,0.002018037,0.006679796,1.35E-06,0.002402753,0.9342117,0.000155486,0.03841989,https://s3.amazonaws.com/100daysofspice/1_24_17/1_24_17___68.jpg,1_24_17
69,0.010466882,0.008805748,0.006217115,6.15E-06,0.0007467,0.9687608,0.000417923,0.004578691,https://s3.amazonaws.com/100daysofspice/1_24_17/1_24_17___69.jpg,1_24_17
70,0.018154971,0.005149823,0.008138089,3.82E-05,0.003647431,0.857522964,0.001176022,0.106172524,https://s3.amazonaws.com/100daysofspice/1_24_17/1_24_17___70.jpg,1_24_17
71,0.002639788,0.000609326,0.001377502,1.61E-06,9.57E-05,0.704945266,0.290315837,1.49E-05,https://s3.amazonaws.com/100daysofspice/1_24_17/1_24_17___71.jpg,1_24_17
72,0.013655379,0.002482235,0.01678401,3.30E-05,0.009940082,0.6610336,0.2959857,8.60E-05,https://s3.amazonaws.com/100daysofspice/1_24_17/1_24_17___72.jpg,1_24_17
73,0.08654146,0.017913697,0.02600062,0.000267065,0.001351631,0.7348487,0.132113084,0.000963768,https://s3.amazonaws.com/100daysofspice/1_24_17/1_24_17___73.jpg,1_24_17
74,0.016357582,0.002131475,0.004052146,0.000868424,0.000168649,0.9307284,0.011525032,0.034168325,https://s3.amazonaws.com/100daysofspice/1_24_17/1_24_17___74.jpg,1_24_17
75,0.055955265,0.002001719,0.008512851,0.00155015,7.51E-05,0.868583739,0.045386482,0.017934745,https://s3.amazonaws.com/100daysofspice/1_24_17/1_24_17___75.jpg,1_24_17
76,0.07959876,0.00382199,0.024050813,0.001383553,0.001384866,0.6652264,0.004016807,0.220516786,https://s3.amazonaws.com/100daysofspice/1_24_17/1_24_17___76.jpg,1_24_17
77,0.113198504,0.00304943,0.01394177,2.65E-05,0.001105396,0.8120059,0.000429245,0.05624329,https://s3.amazonaws.com/100daysofspice/1_24_17/1_24_17___77.jpg,1_24_17
78,0.019936139,0.006141404,0.015837463,0.000410846,0.00084518,0.907664955,0.02981428,0.01934971,https://s3.amazonaws.com/100daysofspice/1_24_17/1_24_17___78.jpg,1_24_17
79,0.01200986,0.005956333,0.005218624,0.000154205,0.002111346,0.919883549,0.001556013,0.053110093,https://s3.amazonaws.com/100daysofspice/1_24_17/1_24_17___79.jpg,1_24_17
80,0.000214792,0.000362754,0.000179796,6.19E-07,0.002866487,0.9291008,0.06725719,1.75E-05,https://s3.amazonaws.com/100daysofspice/1_24_17/1_24_17___80.jpg,1_24_17
81,0.01003594,0.001003366,0.008933269,4.34E-05,0.000503712,0.873026,0.106072009,0.000382295,https://s3.amazonaws.com/100daysofspice/1_24_17/1_24_17___81.jpg,1_24_17
82,0.006641112,0.002247344,0.010919487,0.000681215,0.002968594,0.8564333,0.1127524,0.00735656,https://s3.amazonaws.com/100daysofspice/1_24_17/1_24_17___82.jpg,1_24_17
83,0.000755752,9.05E-05,5.90E-05,2.73E-07,3.54E-05,0.9168119,0.08223967,7.56E-06,https://s3.amazonaws.com/100daysofspice/1_24_17/1_24_17___83.jpg,1_24_17
84,0.011917072,0.000751856,0.003017556,4.82E-05,0.000770516,0.882203758,0.101013333,0.000277702,https://s3.amazonaws.com/100daysofspice/1_24_17/1_24_17___84.jpg,1_24_17
85,0.107872978,0.003209914,0.013733017,0.000125321,0.000566472,0.781895936,0.000648841,0.0919475,https://s3.amazonaws.com/100daysofspice/1_24_17/1_24_17___85.jpg,1_24_17
86,0.003233621,6.74E-05,0.000730636,1.22E-06,0.000136537,0.8182346,0.1775891,6.85E-06,https://s3.amazonaws.com/100daysofspice/1_24_17/1_24_17___86.jpg,1_24_17
87,0.026719587,0.003062538,0.0002882,8.28E-06,5.22E-05,0.968066454,0.001678625,0.00012414,https://s3.amazonaws.com/100daysofspice/1_24_17/1_24_17___87.jpg,1_24_17
88,0.001277748,3.43E-05,0.000302149,1.78E-07,9.01E-06,0.468470961,0.5299053,2.83E-07,https://s3.amazonaws.com/100daysofspice/1_24_17/1_24_17___88.jpg,1_24_17
89,0.00046223,1.49E-05,4.27E-05,1.13E-07,3.72E-06,0.5149665,0.4845096,3.54E-07,https://s3.amazonaws.com/100daysofspice/1_24_17/1_24_17___89.jpg,1_24_17
90,0.000959178,2.05E-05,1.72E-05,1.11E-08,1.68E-06,0.8056349,0.193366379,1.08E-07,https://s3.amazonaws.com/100daysofspice/1_24_17/1_24_17___90.jpg,1_24_17
91,0.026023926,0.004212681,0.011058986,5.65E-05,0.001032196,0.883071,0.000817771,0.07372697,https://s3.amazonaws.com/100daysofspice/1_24_17/1_24_17___91.jpg,1_24_17
92,0.01483398,0.001098851,0.006351458,0.001612593,0.000759095,0.8028774,0.008966564,0.163500056,https://s3.amazonaws.com/100daysofspice/1_24_17/1_24_17___92.jpg,1_24_17
93,0.000294182,0.000109003,0.000150272,5.77E-07,5.43E-06,0.858664632,0.140744463,3.14E-05,https://s3.amazonaws.com/100daysofspice/1_24_17/1_24_17___93.jpg,1_24_17
94,0.000129308,9.70E-05,4.83E-05,3.47E-08,0.000596475,0.9009178,0.09820993,1.15E-06,https://s3.amazonaws.com/100daysofspice/1_24_17/1_24_17___94.jpg,1_24_17
95,0.002971596,4.85E-05,0.000262011,6.75E-07,9.41E-06,0.5935848,0.4031204,2.61E-06,https://s3.amazonaws.com/100daysofspice/1_24_17/1_24_17___95.jpg,1_24_17
96,0.000508466,5.10E-05,4.10E-05,4.23E-08,6.29E-05,0.857904732,0.141431287,5.87E-07,https://s3.amazonaws.com/100daysofspice/1_24_17/1_24_17___96.jpg,1_24_17
97,0.002680608,0.001917308,0.005043637,0.000202467,0.000269089,0.9317649,0.03473266,0.02338934,https://s3.amazonaws.com/100daysofspice/1_24_17/1_24_17___97.jpg,1_24_17
98,0.000114893,9.18E-06,9.54E-06,9.52E-09,5.58E-06,0.7167115,0.283149183,1.23E-07,https://s3.amazonaws.com/100daysofspice/1_24_17/1_24_17___98.jpg,1_24_17
99,0.004532365,0.001123358,0.012364455,0.000316627,6.92E-05,0.7792313,0.191017315,0.011345331,https://s3.amazonaws.com/100daysofspice/1_24_17/1_24_17___99.jpg,1_24_17
100,0.001008775,0.000482731,1.50E-05,8.63E-07,5.33E-06,0.997499943,0.000911921,7.54E-05,https://s3.amazonaws.com/100daysofspice/1_24_17/1_24_17___100.jpg,1_24_17
101,0.003536493,0.004020563,0.000651767,5.08E-05,0.000199987,0.9822065,0.00152423,0.007809667,https://s3.amazonaws.com/100daysofspice/1_24_17/1_24_17___101.jpg,1_24_17
102,0.06214512,0.002971532,0.035104092,0.000108499,0.000573028,0.837414,0.054209832,0.007473872,https://s3.amazonaws.com/100daysofspice/1_24_17/1_24_17___102.jpg,1_24_17
103,0.052514963,0.003705791,0.01208404,0.001412974,0.000149291,0.8180246,0.007101416,0.105006941,https://s3.amazonaws.com/100daysofspice/1_24_17/1_24_17___103.jpg,1_24_17
104,0.000937361,0.000387494,0.00058917,7.11E-06,0.000108914,0.7570059,0.240867853,9.63E-05,https://s3.amazonaws.com/100daysofspice/1_24_17/1_24_17___104.jpg,1_24_17
105,0.222309023,0.013683482,0.034380823,0.000972053,0.000620005,0.685805,0.005177478,0.037052106,https://s3.amazonaws.com/100daysofspice/1_24_17/1_24_17___105.jpg,1_24_17
106,0.022879757,0.001474446,0.01176734,0.000233294,0.000344174,0.921230257,0.029605923,0.012464815,https://s3.amazonaws.com/100daysofspice/1_24_17/1_24_17___106.jpg,1_24_17
107,0.040575262,0.005039236,0.016156865,0.000113898,0.000431814,0.909914732,0.006179078,0.02158912,https://s3.amazonaws.com/100daysofspice/1_24_17/1_24_17___107.jpg,1_24_17
108,0.09887504,0.002207411,0.000851817,3.08E-05,7.79E-07,0.88707757,0.010634317,0.000322226,https://s3.amazonaws.com/100daysofspice/1_24_17/1_24_17___108.jpg,1_24_17
109,0.000753283,0.000213187,0.000266191,5.54E-07,1.32E-05,0.829493,0.169247627,1.30E-05,https://s3.amazonaws.com/100daysofspice/1_24_17/1_24_17___109.jpg,1_24_17
110,0.029174607,0.001036521,0.014107057,0.000884261,2.43E-05,0.735100448,0.211164877,0.008507924,https://s3.amazonaws.com/100daysofspice/1_24_17/1_24_17___110.jpg,1_24_17
111,0.00221895,0.000128484,0.00133061,3.19E-05,1.16E-05,0.6172062,0.378636152,0.000436015,https://s3.amazonaws.com/100daysofspice/1_24_17/1_24_17___111.jpg,1_24_17
112,0.000223982,2.40E-05,1.99E-05,5.91E-08,1.72E-05,0.875972867,0.123740606,1.41E-06,https://s3.amazonaws.com/100daysofspice/1_24_17/1_24_17___112.jpg,1_24_17
113,0.003053178,0.000996834,0.003175148,8.43E-05,1.09E-05,0.7570033,0.233825326,0.001851002,https://s3.amazonaws.com/100daysofspice/1_24_17/1_24_17___113.jpg,1_24_17
114,0.038894676,0.002286687,0.014530595,0.00149455,3.96E-05,0.8308756,0.011866177,0.100012138,https://s3.amazonaws.com/100daysofspice/1_24_17/1_24_17___114.jpg,1_24_17
115,0.002642958,0.000432218,0.001237386,1.63E-05,0.000107472,0.6613722,0.3340751,0.000116348,https://s3.amazonaws.com/100daysofspice/1_24_17/1_24_17___115.jpg,1_24_17
116,0.129012927,0.009430226,0.009073094,0.00053317,5.72E-05,0.8201612,0.012395608,0.019336542,https://s3.amazonaws.com/100daysofspice/1_24_17/1_24_17___116.jpg,1_24_17
117,0.540048063,0.00073915,0.00677516,0.000625571,0.000158506,0.148872271,9.28E-05,0.302688539,https://s3.amazonaws.com/100daysofspice/1_24_17/1_24_17___117.jpg,1_24_17
118,0.001459657,0.000690704,0.000694151,3.66E-06,0.002095062,0.8752267,0.119798213,3.19E-05,https://s3.amazonaws.com/100daysofspice/1_24_17/1_24_17___118.jpg,1_24_17
119,0.014531485,0.000239985,0.001368552,1.05E-06,3.21E-06,0.584904134,0.398949116,2.47E-06,https://s3.amazonaws.com/100daysofspice/1_24_17/1_24_17___119.jpg,1_24_17
120,0.004230212,0.001715184,0.004115701,6.61E-05,0.000446023,0.568043649,0.421228975,0.000154166,https://s3.amazonaws.com/100daysofspice/1_24_17/1_24_17___120.jpg,1_24_17
121,0.003330266,0.000143289,0.000542989,6.90E-07,1.60E-05,0.7537269,0.242236018,3.83E-06,https://s3.amazonaws.com/100daysofspice/1_24_17/1_24_17___121.jpg,1_24_17
122,0.001716036,0.000293845,8.99E-05,9.19E-08,2.58E-05,0.8890965,0.108776532,1.26E-06,https://s3.amazonaws.com/100daysofspice/1_24_17/1_24_17___122.jpg,1_24_17
123,0.006525547,0.001615168,0.000993453,3.70E-06,8.04E-05,0.716729462,0.274036735,1.55E-05,https://s3.amazonaws.com/100daysofspice/1_24_17/1_24_17___123.jpg,1_24_17
124,0.000575054,0.000192786,0.000118083,1.97E-07,2.08E-05,0.8815851,0.117504664,3.24E-06,https://s3.amazonaws.com/100daysofspice/1_24_17/1_24_17___124.jpg,1_24_17
125,0.003020355,0.000168529,0.001002545,2.27E-06,0.000104876,0.732515335,0.2631754,1.07E-05,https://s3.amazonaws.com/100daysofspice/1_24_17/1_24_17___125.jpg,1_24_17
126,0.001328541,8.01E-05,0.00012312,1.19E-07,1.00E-05,0.836384535,0.162071273,2.30E-06,https://s3.amazonaws.com/100daysofspice/1_24_17/1_24_17___126.jpg,1_24_17
127,0.017448831,0.001072574,0.01043806,0.00019437,0.000130409,0.7818223,0.186981782,0.001911629,https://s3.amazonaws.com/100daysofspice/1_24_17/1_24_17___127.jpg,1_24_17
128,0.014784404,0.000666346,0.007762148,0.000162137,0.000121418,0.862589657,0.108663,0.005250915,https://s3.amazonaws.com/100daysofspice/1_24_17/1_24_17___128.jpg,1_24_17
129,0.097411856,0.005012508,0.01008857,0.00150454,0.000127176,0.837177932,0.010640088,0.038037323,https://s3.amazonaws.com/100daysofspice/1_24_17/1_24_17___129.jpg,1_24_17
130,0.002230686,1.80E-05,0.000436819,1.80E-06,1.19E-05,0.8446032,0.152680442,1.72E-05,https://s3.amazonaws.com/100daysofspice/1_24_17/1_24_17___130.jpg,1_24_17
131,0.001858587,0.000127255,0.001107229,3.86E-06,4.57E-05,0.902328,0.094385535,0.00014376,https://s3.amazonaws.com/100daysofspice/1_24_17/1_24_17___131.jpg,1_24_17
132,0.000659657,5.76E-05,0.000151242,1.04E-06,3.26E-05,0.7375579,0.26151678,2.32E-05,https://s3.amazonaws.com/100daysofspice/1_24_17/1_24_17___132.jpg,1_24_17
133,0.013681077,0.002963959,0.000163015,5.97E-06,1.50E-05,0.97996527,0.003095539,0.000110237,https://s3.amazonaws.com/100daysofspice/1_24_17/1_24_17___133.jpg,1_24_17
134,0.02329181,0.00086582,0.010518986,0.000244655,0.000315679,0.7377368,0.225308582,0.001717672,https://s3.amazonaws.com/100daysofspice/1_24_17/1_24_17___134.jpg,1_24_17
135,0.001683906,0.000101038,0.000369862,1.56E-06,2.51E-05,0.8050607,0.19273147,2.64E-05,https://s3.amazonaws.com/100daysofspice/1_24_17/1_24_17___135.jpg,1_24_17
136,0.000661169,0.0001453,0.000167806,3.00E-07,8.78E-05,0.848339736,0.1505941,3.78E-06,https://s3.amazonaws.com/100daysofspice/1_24_17/1_24_17___136.jpg,1_24_17
137,0.00450754,0.000200911,0.001869492,6.82E-06,4.64E-05,0.9149886,0.07799254,0.000387702,https://s3.amazonaws.com/100daysofspice/1_24_17/1_24_17___137.jpg,1_24_17
138,0.001436563,6.09E-05,0.000628973,1.71E-07,1.09E-05,0.60480696,0.393054277,1.22E-06,https://s3.amazonaws.com/100daysofspice/1_24_17/1_24_17___138.jpg,1_24_17
139,0.003931859,0.000254175,0.002586477,2.22E-05,6.36E-05,0.7106192,0.28231132,0.000211096,https://s3.amazonaws.com/100daysofspice/1_24_17/1_24_17___139.jpg,1_24_17
140,0.004040821,0.000400415,0.003809815,0.000355989,8.05E-05,0.7985505,0.187155381,0.0056066,https://s3.amazonaws.com/100daysofspice/1_24_17/1_24_17___140.jpg,1_24_17
141,0.141475871,0.011758221,0.01483706,0.000254059,0.000369958,0.8023016,0.002951463,0.026051775,https://s3.amazonaws.com/100daysofspice/1_24_17/1_24_17___141.jpg,1_24_17
142,0.003145406,0.000462509,0.002724329,1.82E-05,0.000216823,0.7346828,0.2586309,0.000118978,https://s3.amazonaws.com/100daysofspice/1_24_17/1_24_17___142.jpg,1_24_17
143,0.000747014,2.58E-06,8.94E-05,2.42E-08,2.80E-07,0.5578696,0.441291,9.19E-08,https://s3.amazonaws.com/100daysofspice/1_24_17/1_24_17___143.jpg,1_24_17
144,0.00214214,1.80E-05,0.000120108,3.08E-08,7.97E-07,0.3902144,0.6075045,5.08E-08,https://s3.amazonaws.com/100daysofspice/1_24_17/1_24_17___144.jpg,1_24_17
145,0.000360857,3.02E-06,1.13E-05,1.23E-09,6.65E-07,0.7116647,0.2879595,9.35E-09,https://s3.amazonaws.com/100daysofspice/1_24_17/1_24_17___145.jpg,1_24_17
146,0.004536914,8.42E-05,0.001159972,1.29E-05,1.89E-05,0.807042658,0.18703264,0.000111832,https://s3.amazonaws.com/100daysofspice/1_24_17/1_24_17___146.jpg,1_24_17
147,0.005753469,0.000375071,0.002057368,3.34E-05,0.000159147,0.7547662,0.236649439,0.000205907,https://s3.amazonaws.com/100daysofspice/1_24_17/1_24_17___147.jpg,1_24_17
148,0.002613737,2.03E-05,9.48E-05,2.02E-07,2.46E-06,0.8239621,0.173302829,3.54E-06,https://s3.amazonaws.com/100daysofspice/1_24_17/1_24_17___148.jpg,1_24_17
149,0.001835278,0.000194149,0.000236432,5.59E-07,2.94E-05,0.587453,0.410247922,3.27E-06,https://s3.amazonaws.com/100daysofspice/1_24_17/1_24_17___149.jpg,1_24_17
150,0.000286333,1.63E-05,1.92E-05,5.54E-09,3.33E-06,0.7948426,0.204832152,9.56E-08,https://s3.amazonaws.com/100daysofspice/1_24_17/1_24_17___150.jpg,1_24_17
151,0.2126526,0.002244327,0.013258985,0.000124327,6.14E-05,0.7127839,0.001123195,0.057751324,https://s3.amazonaws.com/100daysofspice/1_24_17/1_24_17___151.jpg,1_24_17
152,0.000615278,2.95E-05,7.14E-05,1.48E-08,5.58E-06,0.789206445,0.210071549,2.27E-07,https://s3.amazonaws.com/100daysofspice/1_24_17/1_24_17___152.jpg,1_24_17
153,0.002346752,2.24E-05,0.000264296,2.90E-07,1.94E-06,0.827408969,0.169950753,4.56E-06,https://s3.amazonaws.com/100daysofspice/1_24_17/1_24_17___153.jpg,1_24_17
154,0.00556468,7.58E-05,0.000401577,1.08E-06,1.18E-05,0.802920461,0.191017747,6.87E-06,https://s3.amazonaws.com/100daysofspice/1_24_17/1_24_17___154.jpg,1_24_17
155,0.000640107,1.69E-05,1.61E-05,1.08E-08,2.16E-06,0.777735531,0.221589074,8.55E-08,https://s3.amazonaws.com/100daysofspice/1_24_17/1_24_17___155.jpg,1_24_17
156,0.000196471,8.00E-06,1.19E-05,6.88E-09,3.16E-06,0.845609665,0.154170662,1.24E-07,https://s3.amazonaws.com/100daysofspice/1_24_17/1_24_17___156.jpg,1_24_17
157,0.000406068,0.000185295,5.68E-05,1.70E-07,0.00013281,0.9540599,0.045150977,7.96E-06,https://s3.amazonaws.com/100daysofspice/1_24_17/1_24_17___157.jpg,1_24_17
158,0.003170199,0.000201819,0.002454599,4.55E-05,1.35E-05,0.805325031,0.187776655,0.001012721,https://s3.amazonaws.com/100daysofspice/1_24_17/1_24_17___158.jpg,1_24_17
159,0.013582558,0.000987704,0.002879993,6.56E-05,4.17E-05,0.7774039,0.204249948,0.000788615,https://s3.amazonaws.com/100daysofspice/1_24_17/1_24_17___159.jpg,1_24_17
160,0.01882231,0.00095214,0.007231997,0.000210092,0.000132693,0.805780351,0.164160714,0.002709719,https://s3.amazonaws.com/100daysofspice/1_24_17/1_24_17___160.jpg,1_24_17
161,0.000374498,7.65E-05,0.000126059,7.35E-07,2.53E-05,0.7472005,0.252177656,1.87E-05,https://s3.amazonaws.com/100daysofspice/1_24_17/1_24_17___161.jpg,1_24_17
162,0.00271523,0.000231292,0.001151764,3.44E-05,5.38E-05,0.7985476,0.196515962,0.000749942,https://s3.amazonaws.com/100daysofspice/1_24_17/1_24_17___162.jpg,1_24_17
163,0.010224963,0.000552676,0.005516285,0.000294383,0.000106939,0.8677979,0.11130219,0.004204636,https://s3.amazonaws.com/100daysofspice/1_24_17/1_24_17___163.jpg,1_24_17
164,0.022653116,0.003465602,0.001554452,1.65E-05,1.03E-05,0.966305256,0.005178567,0.000816199,https://s3.amazonaws.com/100daysofspice/1_24_17/1_24_17___164.jpg,1_24_17
165,0.011981144,0.000618148,0.005965149,0.000386435,4.20E-05,0.8878828,0.07517172,0.017952563,https://s3.amazonaws.com/100daysofspice/1_24_17/1_24_17___165.jpg,1_24_17
166,0.002005832,0.000157416,0.000513463,3.49E-06,5.16E-06,0.5888142,0.4084743,2.62E-05,https://s3.amazonaws.com/100daysofspice/1_24_17/1_24_17___166.jpg,1_24_17
167,0.01654174,0.002831607,0.005305812,0.000173721,5.13E-05,0.9506581,0.014733378,0.009704385,https://s3.amazonaws.com/100daysofspice/1_24_17/1_24_17___167.jpg,1_24_17
168,0.007766648,0.000279489,0.001491411,3.64E-05,2.52E-05,0.7416524,0.248418644,0.000329845,https://s3.amazonaws.com/100daysofspice/1_24_17/1_24_17___168.jpg,1_24_17
169,0.006468729,0.000178908,0.000380202,2.91E-06,3.92E-05,0.891749442,0.101147324,3.33E-05,https://s3.amazonaws.com/100daysofspice/1_24_17/1_24_17___169.jpg,1_24_17
170,0.004739399,0.000376624,0.003364906,0.000243258,7.56E-05,0.822197,0.164102569,0.004900599,https://s3.amazonaws.com/100daysofspice/1_24_17/1_24_17___170.jpg,1_24_17
171,0.002054015,5.66E-05,0.000364775,4.34E-06,6.91E-06,0.769402862,0.228059068,5.14E-05,https://s3.amazonaws.com/100daysofspice/1_24_17/1_24_17___171.jpg,1_24_17
172,0.003383206,0.00011451,0.000905997,1.02E-05,1.01E-05,0.908342838,0.08633433,0.000898866,https://s3.amazonaws.com/100daysofspice/1_24_17/1_24_17___172.jpg,1_24_17
173,0.000804604,3.52E-05,4.54E-05,1.90E-07,1.47E-05,0.789004,0.210092992,2.92E-06,https://s3.amazonaws.com/100daysofspice/1_24_17/1_24_17___173.jpg,1_24_17
174,0.00510702,0.000245075,0.001427139,1.64E-05,0.000136798,0.9262403,0.06626151,0.000565704,https://s3.amazonaws.com/100daysofspice/1_24_17/1_24_17___174.jpg,1_24_17
175,0.000189893,5.98E-06,9.95E-06,7.69E-09,1.19E-06,0.9204165,0.07937555,9.26E-07,https://s3.amazonaws.com/100daysofspice/1_24_17/1_24_17___175.jpg,1_24_17
176,0.000403528,1.27E-05,4.08E-05,5.63E-08,1.75E-06,0.7418851,0.257655382,6.42E-07,https://s3.amazonaws.com/100daysofspice/1_24_17/1_24_17___176.jpg,1_24_17
177,0.000878941,5.20E-05,0.000109797,5.50E-07,3.70E-06,0.945247352,0.053639665,6.80E-05,https://s3.amazonaws.com/100daysofspice/1_24_17/1_24_17___177.jpg,1_24_17
178,0.001581194,0.000203207,0.001158843,2.25E-05,2.30E-05,0.9246483,0.06973606,0.002626949,https://s3.amazonaws.com/100daysofspice/1_24_17/1_24_17___178.jpg,1_24_17
179,0.068027474,0.001035961,0.016646463,5.81E-05,6.95E-05,0.763416767,0.001541542,0.1492042,https://s3.amazonaws.com/100daysofspice/1_24_17/1_24_17___179.jpg,1_24_17
180,0.033062536,0.005941522,0.005814557,0.000106923,1.71E-05,0.9358905,0.004746608,0.014420306,https://s3.amazonaws.com/100daysofspice/1_24_17/1_24_17___180.jpg,1_24_17
181,0.04897218,0.001623349,0.012924808,2.89E-05,0.000475168,0.6961409,0.000449085,0.239385635,https://s3.amazonaws.com/100daysofspice/1_24_17/1_24_17___181.jpg,1_24_17
182,0.006772042,0.000451777,0.000366741,6.42E-07,2.64E-07,0.6681175,0.3242875,3.51E-06,https://s3.amazonaws.com/100daysofspice/1_24_17/1_24_17___182.jpg,1_24_17
183,0.006649181,0.000342463,0.00170113,3.81E-05,0.000255941,0.76954484,0.221239492,0.000228857,https://s3.amazonaws.com/100daysofspice/1_24_17/1_24_17___183.jpg,1_24_17
184,0.009905166,0.000139463,0.002581139,3.41E-05,4.70E-05,0.77761,0.209437042,0.000246128,https://s3.amazonaws.com/100daysofspice/1_24_17/1_24_17___184.jpg,1_24_17
185,0.000438862,1.46E-05,1.78E-05,7.96E-09,9.19E-07,0.715521038,0.2840067,1.36E-07,https://s3.amazonaws.com/100daysofspice/1_24_17/1_24_17___185.jpg,1_24_17
186,0.005607108,0.000128155,0.001438114,1.41E-05,1.98E-06,0.519374549,0.4733575,7.85E-05,https://s3.amazonaws.com/100daysofspice/1_24_17/1_24_17___186.jpg,1_24_17
187,0.000907255,4.69E-05,9.34E-05,7.02E-08,3.37E-06,0.7090036,0.289944619,7.93E-07,https://s3.amazonaws.com/100daysofspice/1_24_17/1_24_17___187.jpg,1_24_17
188,0.000465295,9.69E-06,3.28E-05,2.42E-08,3.35E-06,0.7194812,0.280007452,1.95E-07,https://s3.amazonaws.com/100daysofspice/1_24_17/1_24_17___188.jpg,1_24_17
189,0.001428357,0.000185042,0.001756758,4.18E-06,0.000300183,0.9540638,0.041735426,0.000526266,https://s3.amazonaws.com/100daysofspice/1_24_17/1_24_17___189.jpg,1_24_17
190,0.00435394,0.000113059,0.000849768,8.44E-06,0.00010198,0.8631859,0.131274834,0.000112096,https://s3.amazonaws.com/100daysofspice/1_24_17/1_24_17___190.jpg,1_24_17
191,0.000422361,1.77E-05,3.99E-05,3.53E-08,1.04E-05,0.803846061,0.195663109,3.99E-07,https://s3.amazonaws.com/100daysofspice/1_24_17/1_24_17___191.jpg,1_24_17
192,0.001234974,0.000105862,0.000180358,6.29E-07,4.05E-05,0.8512449,0.147182614,1.01E-05,https://s3.amazonaws.com/100daysofspice/1_24_17/1_24_17___192.jpg,1_24_17
193,0.00032834,4.27E-06,2.56E-05,6.33E-09,9.38E-07,0.57395494,0.425685883,4.60E-08,https://s3.amazonaws.com/100daysofspice/1_24_17/1_24_17___193.jpg,1_24_17
194,0.141786575,0.003475049,0.017152797,0.000256315,0.000171598,0.7670548,0.001885825,0.06821705,https://s3.amazonaws.com/100daysofspice/1_24_17/1_24_17___194.jpg,1_24_17
195,0.034454644,0.005438928,0.002191202,2.65E-05,1.22E-05,0.944477856,0.012501826,0.000896844,https://s3.amazonaws.com/100daysofspice/1_24_17/1_24_17___195.jpg,1_24_17
196,0.012899255,0.001910981,0.018294938,0.000242745,0.000377173,0.793747246,0.168493554,0.004034098,https://s3.amazonaws.com/100daysofspice/1_24_17/1_24_17___196.jpg,1_24_17
197,0.001753213,3.00E-05,0.000110256,6.58E-07,1.31E-05,0.6769313,0.321158826,2.63E-06,https://s3.amazonaws.com/100daysofspice/1_24_17/1_24_17___197.jpg,1_24_17
198,0.000588262,3.43E-05,6.04E-05,1.17E-07,8.21E-06,0.750800848,0.248507112,7.61E-07,https://s3.amazonaws.com/100daysofspice/1_24_17/1_24_17___198.jpg,1_24_17
199,0.000337379,3.12E-05,2.72E-05,2.01E-08,1.49E-05,0.8202838,0.179305151,3.97E-07,https://s3.amazonaws.com/100daysofspice/1_24_17/1_24_17___199.jpg,1_24_17
200,0.013616121,6.42E-05,0.00156935,4.16E-06,4.97E-06,0.5929079,0.3918198,1.34E-05,https://s3.amazonaws.com/100daysofspice/1_24_17/1_24_17___200.jpg,1_24_17
201,0.00037341,3.68E-06,1.69E-05,8.28E-09,2.65E-06,0.739309,0.260294229,5.87E-08,https://s3.amazonaws.com/100daysofspice/1_24_17/1_24_17___201.jpg,1_24_17
202,0.00034472,5.10E-06,2.60E-05,3.97E-08,9.45E-07,0.534953654,0.4646694,1.24E-07,https://s3.amazonaws.com/100daysofspice/1_24_17/1_24_17___202.jpg,1_24_17
203,0.000304601,1.34E-05,2.28E-05,1.67E-08,7.92E-06,0.9004775,0.0991729,8.17E-07,https://s3.amazonaws.com/100daysofspice/1_24_17/1_24_17___203.jpg,1_24_17
204,0.08977663,0.004324791,0.000662135,1.23E-05,3.63E-06,0.8925422,0.012503175,0.00017511,https://s3.amazonaws.com/100daysofspice/1_24_17/1_24_17___204.jpg,1_24_17
205,0.011047263,0.006777955,0.006998488,1.28E-05,0.000787354,0.9577072,0.000885638,0.015783282,https://s3.amazonaws.com/100daysofspice/1_24_17/1_24_17___205.jpg,1_24_17
206,0.000210735,2.96E-05,2.78E-05,7.78E-08,9.07E-05,0.828767061,0.170872837,1.21E-06,https://s3.amazonaws.com/100daysofspice/1_24_17/1_24_17___206.jpg,1_24_17
207,0.000305439,1.55E-05,2.95E-05,4.09E-08,2.34E-06,0.637133837,0.362513125,2.67E-07,https://s3.amazonaws.com/100daysofspice/1_24_17/1_24_17___207.jpg,1_24_17
208,0.000623235,0.000137543,0.000123128,6.13E-08,0.000101916,0.7530243,0.245989472,3.68E-07,https://s3.amazonaws.com/100daysofspice/1_24_17/1_24_17___208.jpg,1_24_17
209,0.02381212,0.001263787,0.021929579,0.000396467,0.000481694,0.5748345,0.37627703,0.001004811,https://s3.amazonaws.com/100daysofspice/1_24_17/1_24_17___209.jpg,1_24_17
210,0.066268995,0.001213509,0.001516023,0.000314066,1.64E-06,0.911463439,0.014831749,0.004390608,https://s3.amazonaws.com/100daysofspice/1_24_17/1_24_17___210.jpg,1_24_17
211,0.0412982,0.003295525,0.025401576,0.00021022,0.00083633,0.883515835,0.015309975,0.030132368,https://s3.amazonaws.com/100daysofspice/1_24_17/1_24_17___211.jpg,1_24_17
212,0.000509625,1.76E-05,6.80E-05,1.51E-07,9.79E-06,0.709681749,0.289712,1.05E-06,https://s3.amazonaws.com/100daysofspice/1_24_17/1_24_17___212.jpg,1_24_17
213,0.000306095,4.69E-05,7.74E-05,3.73E-08,4.53E-05,0.747640252,0.251883447,5.13E-07,https://s3.amazonaws.com/100daysofspice/1_24_17/1_24_17___213.jpg,1_24_17
214,0.002158203,0.000357407,0.000814273,1.37E-05,0.000460894,0.9692727,0.025445113,0.001477724,https://s3.amazonaws.com/100daysofspice/1_24_17/1_24_17___214.jpg,1_24_17
215,0.009037891,0.003916911,0.000481421,1.12E-06,3.31E-06,0.983840346,0.002622852,9.62E-05,https://s3.amazonaws.com/100daysofspice/1_24_17/1_24_17___215.jpg,1_24_17
216,0.000560436,0.000147122,0.000102763,2.06E-07,0.000156301,0.873316467,0.125713974,2.72E-06,https://s3.amazonaws.com/100daysofspice/1_24_17/1_24_17___216.jpg,1_24_17
217,8.90E-05,7.31E-06,6.32E-06,7.27E-09,4.30E-06,0.8575522,0.14234072,2.00E-07,https://s3.amazonaws.com/100daysofspice/1_24_17/1_24_17___217.jpg,1_24_17
218,0.001608527,3.27E-05,6.15E-05,1.17E-07,1.45E-06,0.757364452,0.240930483,7.59E-07,https://s3.amazonaws.com/100daysofspice/1_24_17/1_24_17___218.jpg,1_24_17
219,0.000476995,1.22E-05,2.44E-05,9.10E-09,1.69E-06,0.7500019,0.2494825,2.00E-07,https://s3.amazonaws.com/100daysofspice/1_24_17/1_24_17___219.jpg,1_24_17
220,0.05746532,0.001735218,0.019708319,0.000592518,0.000383207,0.7516956,0.005797496,0.162622333,https://s3.amazonaws.com/100daysofspice/1_24_17/1_24_17___220.jpg,1_24_17
221,0.09099898,0.001089941,0.022866964,2.56E-05,0.000381602,0.5423885,0.000432704,0.34181568,https://s3.amazonaws.com/100daysofspice/1_24_17/1_24_17___221.jpg,1_24_17
222,0.0480125,0.00852426,0.012680861,8.48E-05,0.000257739,0.8763695,0.000905178,0.053165168,https://s3.amazonaws.com/100daysofspice/1_24_17/1_24_17___222.jpg,1_24_17
223,0.05572812,0.004879957,0.021538032,3.83E-05,0.00019547,0.7941389,0.001135277,0.122345895,https://s3.amazonaws.com/100daysofspice/1_24_17/1_24_17___223.jpg,1_24_17
224,0.000573208,7.71E-06,5.22E-05,5.64E-09,2.11E-06,0.604774,0.394590735,1.87E-08,https://s3.amazonaws.com/100daysofspice/1_24_17/1_24_17___224.jpg,1_24_17
225,0.000490216,6.08E-05,0.000140361,1.26E-07,5.96E-05,0.790483057,0.208764374,1.46E-06,https://s3.amazonaws.com/100daysofspice/1_24_17/1_24_17___225.jpg,1_24_17
226,0.001300847,0.000179498,0.000293997,1.32E-06,0.000245628,0.903339,0.09462195,1.78E-05,https://s3.amazonaws.com/100daysofspice/1_24_17/1_24_17___226.jpg,1_24_17
227,0.000296466,2.36E-05,4.28E-05,4.11E-08,4.22E-05,0.91258955,0.08700449,8.48E-07,https://s3.amazonaws.com/100daysofspice/1_24_17/1_24_17___227.jpg,1_24_17
228,0.001514957,0.000792635,0.001682023,5.93E-05,0.000329267,0.860072732,0.133378282,0.002170846,https://s3.amazonaws.com/100daysofspice/1_24_17/1_24_17___228.jpg,1_24_17
229,0.000715315,0.000102464,0.000171734,2.68E-07,0.000105342,0.8042777,0.194624081,3.09E-06,https://s3.amazonaws.com/100daysofspice/1_24_17/1_24_17___229.jpg,1_24_17
230,0.000453246,5.24E-06,1.86E-05,1.48E-08,1.72E-06,0.7659673,0.233553812,9.05E-08,https://s3.amazonaws.com/100daysofspice/1_24_17/1_24_17___230.jpg,1_24_17
231,0.000696144,5.61E-05,0.000103635,2.20E-07,4.44E-05,0.750398338,0.248700008,1.09E-06,https://s3.amazonaws.com/100daysofspice/1_24_17/1_24_17___231.jpg,1_24_17
232,0.002305584,2.24E-05,3.73E-05,3.78E-08,2.70E-06,0.698408544,0.299223244,1.39E-07,https://s3.amazonaws.com/100daysofspice/1_24_17/1_24_17___232.jpg,1_24_17
233,0.001211213,2.72E-05,6.11E-05,3.80E-08,1.95E-05,0.8486453,0.150035277,3.29E-07,https://s3.amazonaws.com/100daysofspice/1_24_17/1_24_17___233.jpg,1_24_17
234,0.000717982,4.97E-05,0.000112346,1.52E-07,2.37E-05,0.631979764,0.367115647,6.72E-07,https://s3.amazonaws.com/100daysofspice/1_24_17/1_24_17___234.jpg,1_24_17
235,0.007141742,0.000147209,0.001050796,4.59E-06,0.000131932,0.7897209,0.201773956,2.89E-05,https://s3.amazonaws.com/100daysofspice/1_24_17/1_24_17___235.jpg,1_24_17
236,0.003659142,0.000780678,0.004881325,8.79E-05,0.000583855,0.916053534,0.004361085,0.06959242,https://s3.amazonaws.com/100daysofspice/1_24_17/1_24_17___236.jpg,1_24_17
237,0.250588059,0.001938528,0.01553602,0.000162111,0.001129082,0.5855005,0.000810771,0.144334927,https://s3.amazonaws.com/100daysofspice/1_24_17/1_24_17___237.jpg,1_24_17
238,0.009041145,0.000907488,0.001562527,1.40E-05,0.000272368,0.833095253,0.155063763,4.35E-05,https://s3.amazonaws.com/100daysofspice/1_24_17/1_24_17___238.jpg,1_24_17
239,0.000886038,0.000530198,0.001010014,1.33E-05,4.48E-05,0.885733068,0.111305952,0.000476671,https://s3.amazonaws.com/100daysofspice/1_24_17/1_24_17___239.jpg,1_24_17
240,0.001704586,0.000780806,0.001843997,1.00E-05,1.93E-05,0.7541325,0.241282925,0.000225841,https://s3.amazonaws.com/100daysofspice/1_24_17/1_24_17___240.jpg,1_24_17
241,0.011253486,0.000552905,0.005213839,4.87E-05,5.13E-05,0.923606336,0.05515418,0.004119305,https://s3.amazonaws.com/100daysofspice/1_24_17/1_24_17___241.jpg,1_24_17
242,0.008175032,0.000344381,0.005110786,0.000184007,1.55E-05,0.8781284,0.101196334,0.006845566,https://s3.amazonaws.com/100daysofspice/1_24_17/1_24_17___242.jpg,1_24_17
