frame_time,sean_anger,sean_contempt,sean_disgust,sean_fear,sean_happiness,sean_neutral,sean_sadness,sean_surprise,url,date
0,,,,,,,,,https://s3.amazonaws.com/100daysofspice/1_25_17/1_25_17___0.jpg,1_25_17
1,,,,,,,,,https://s3.amazonaws.com/100daysofspice/1_25_17/1_25_17___1.jpg,1_25_17
2,0.087768495,0.013166761,0.084978625,8.93E-05,0.029917082,0.7598853,0.006899504,0.017294942,https://s3.amazonaws.com/100daysofspice/1_25_17/1_25_17___2.jpg,1_25_17
3,0.002160711,0.00141483,0.000553318,1.12E-05,0.003176684,0.9479125,0.0446596,0.000111165,https://s3.amazonaws.com/100daysofspice/1_25_17/1_25_17___3.jpg,1_25_17
4,0.035036635,0.000928227,0.015253621,0.000213443,0.000163726,0.8603868,0.08396624,0.00405132,https://s3.amazonaws.com/100daysofspice/1_25_17/1_25_17___4.jpg,1_25_17
5,0.005645793,0.000508235,0.000894517,6.67E-06,3.22E-05,0.8410362,0.151831478,4.49E-05,https://s3.amazonaws.com/100daysofspice/1_25_17/1_25_17___5.jpg,1_25_17
6,0.085247196,0.004516639,0.017339611,0.000156057,0.000957382,0.8096402,0.001241518,0.080901384,https://s3.amazonaws.com/100daysofspice/1_25_17/1_25_17___6.jpg,1_25_17
7,0.003432601,0.000478391,0.000427371,2.53E-06,0.000497033,0.8987983,0.09632454,3.93E-05,https://s3.amazonaws.com/100daysofspice/1_25_17/1_25_17___7.jpg,1_25_17
8,0.016147314,0.011002651,0.001677422,8.32E-06,0.000401996,0.9690269,0.001206905,0.000528491,https://s3.amazonaws.com/100daysofspice/1_25_17/1_25_17___8.jpg,1_25_17
9,0.009103467,0.001575988,0.016024478,0.000135429,0.000417756,0.74896574,0.221590936,0.002186199,https://s3.amazonaws.com/100daysofspice/1_25_17/1_25_17___9.jpg,1_25_17
10,0.03382313,0.000698811,0.012917047,0.000120055,8.42E-05,0.800944746,0.1494413,0.001970737,https://s3.amazonaws.com/100daysofspice/1_25_17/1_25_17___10.jpg,1_25_17
11,0.09589384,0.002522681,0.013326428,0.00012143,0.000735497,0.7490207,0.000670944,0.137708515,https://s3.amazonaws.com/100daysofspice/1_25_17/1_25_17___11.jpg,1_25_17
12,0.287107676,0.0033052,0.028121356,0.000114724,0.000855295,0.525039732,0.000724957,0.15473105,https://s3.amazonaws.com/100daysofspice/1_25_17/1_25_17___12.jpg,1_25_17
13,0.001347928,0.000459917,0.000562057,5.26E-06,0.000544178,0.816270232,0.180775568,3.49E-05,https://s3.amazonaws.com/100daysofspice/1_25_17/1_25_17___13.jpg,1_25_17
14,0.186933309,0.003776859,0.02105719,9.18E-05,0.001000877,0.68220973,0.000693794,0.104236431,https://s3.amazonaws.com/100daysofspice/1_25_17/1_25_17___14.jpg,1_25_17
15,0.000763032,0.01089172,0.00199181,9.40E-06,0.717594266,0.262842655,0.000598707,0.005308372,https://s3.amazonaws.com/100daysofspice/1_25_17/1_25_17___15.jpg,1_25_17
16,0.000405923,0.055026606,0.000751885,1.98E-05,0.861123,0.07453205,0.007759592,0.000381169,https://s3.amazonaws.com/100daysofspice/1_25_17/1_25_17___16.jpg,1_25_17
17,0.010908607,0.142109349,0.017384091,0.000127784,0.232385054,0.5576247,0.001344446,0.03811598,https://s3.amazonaws.com/100daysofspice/1_25_17/1_25_17___17.jpg,1_25_17
18,0.07603161,0.009401337,0.049899828,0.002012176,0.01358337,0.73878485,0.088112205,0.022174614,https://s3.amazonaws.com/100daysofspice/1_25_17/1_25_17___18.jpg,1_25_17
19,0.00796192,0.017955132,0.021532744,0.000163095,0.2246878,0.697462,0.009270838,0.020966427,https://s3.amazonaws.com/100daysofspice/1_25_17/1_25_17___19.jpg,1_25_17
20,0.030515578,0.002205021,0.017284699,0.000753992,0.002690409,0.874349356,0.060501225,0.011699707,https://s3.amazonaws.com/100daysofspice/1_25_17/1_25_17___20.jpg,1_25_17
21,0.000396217,0.000163549,8.88E-05,5.70E-07,0.000687173,0.933620036,0.06503608,7.53E-06,https://s3.amazonaws.com/100daysofspice/1_25_17/1_25_17___21.jpg,1_25_17
22,0.001220322,9.78E-05,0.00026402,5.95E-07,6.69E-05,0.85238874,0.1459555,6.18E-06,https://s3.amazonaws.com/100daysofspice/1_25_17/1_25_17___22.jpg,1_25_17
23,0.000545721,7.53E-05,7.97E-05,5.03E-07,3.78E-05,0.9017502,0.097503886,6.98E-06,https://s3.amazonaws.com/100daysofspice/1_25_17/1_25_17___23.jpg,1_25_17
24,0.000908266,6.14E-05,0.000151463,7.54E-07,1.67E-05,0.8687247,0.130129561,7.12E-06,https://s3.amazonaws.com/100daysofspice/1_25_17/1_25_17___24.jpg,1_25_17
25,0.000959084,0.000204701,0.000813582,6.32E-06,0.000274799,0.77891916,0.218712062,0.000110304,https://s3.amazonaws.com/100daysofspice/1_25_17/1_25_17___25.jpg,1_25_17
26,0.454136223,0.000796567,0.024494804,8.82E-05,4.93E-05,0.233874545,0.000205244,0.286355138,https://s3.amazonaws.com/100daysofspice/1_25_17/1_25_17___26.jpg,1_25_17
27,0.07583871,0.007372847,0.031350873,0.001442016,0.001616698,0.8068782,0.018856388,0.056644287,https://s3.amazonaws.com/100daysofspice/1_25_17/1_25_17___27.jpg,1_25_17
28,0.013064542,0.000390709,0.001207169,2.62E-06,4.36E-06,0.7268719,0.2584401,1.86E-05,https://s3.amazonaws.com/100daysofspice/1_25_17/1_25_17___28.jpg,1_25_17
29,0.008536451,4.85E-05,0.000693261,4.53E-07,3.55E-07,0.700862646,0.289852351,5.93E-06,https://s3.amazonaws.com/100daysofspice/1_25_17/1_25_17___29.jpg,1_25_17
30,0.000732775,4.13E-05,0.00010239,8.67E-08,7.15E-06,0.6595967,0.339518964,6.70E-07,https://s3.amazonaws.com/100daysofspice/1_25_17/1_25_17___30.jpg,1_25_17
31,0.00185638,7.95E-05,0.00025741,1.37E-07,6.75E-06,0.5367513,0.461047918,6.19E-07,https://s3.amazonaws.com/100daysofspice/1_25_17/1_25_17___31.jpg,1_25_17
32,0.09081508,0.002337112,0.00704574,8.83E-05,1.83E-05,0.829834938,0.068677045,0.001183519,https://s3.amazonaws.com/100daysofspice/1_25_17/1_25_17___32.jpg,1_25_17
33,0.000345656,0.000554633,0.000228634,1.17E-07,2.50E-05,0.800188839,0.198654249,2.83E-06,https://s3.amazonaws.com/100daysofspice/1_25_17/1_25_17___33.jpg,1_25_17
34,0.011506227,0.000155693,0.003876501,1.11E-05,1.48E-05,0.5928838,0.391513646,3.82E-05,https://s3.amazonaws.com/100daysofspice/1_25_17/1_25_17___34.jpg,1_25_17
35,0.028311797,0.000601429,0.015988708,0.00015114,3.90E-05,0.5599904,0.394503266,0.000414274,https://s3.amazonaws.com/100daysofspice/1_25_17/1_25_17___35.jpg,1_25_17
36,0.027856838,0.00060838,0.014818193,0.00024698,3.06E-05,0.7471364,0.206802219,0.002500413,https://s3.amazonaws.com/100daysofspice/1_25_17/1_25_17___36.jpg,1_25_17
37,0.000755544,1.25E-05,4.42E-05,8.51E-09,1.54E-06,0.6915644,0.307621747,8.00E-08,https://s3.amazonaws.com/100daysofspice/1_25_17/1_25_17___37.jpg,1_25_17
38,0.342946976,0.013646341,0.05473351,0.004094961,0.000244176,0.5425982,0.01111827,0.0306176,https://s3.amazonaws.com/100daysofspice/1_25_17/1_25_17___38.jpg,1_25_17
39,0.034489855,0.011699718,0.003002267,1.25E-05,0.000187207,0.9433787,0.006930558,0.00029917,https://s3.amazonaws.com/100daysofspice/1_25_17/1_25_17___39.jpg,1_25_17
40,0.0757025,0.006840341,0.002918554,1.66E-05,6.14E-06,0.9047577,0.009197104,0.000561109,https://s3.amazonaws.com/100daysofspice/1_25_17/1_25_17___40.jpg,1_25_17
41,0.0344727,0.002938465,0.008285797,0.0041413,0.000152769,0.827632844,0.009823922,0.1125522,https://s3.amazonaws.com/100daysofspice/1_25_17/1_25_17___41.jpg,1_25_17
42,0.057814147,0.000698698,0.015944427,0.000154004,9.75E-06,0.680960238,0.243114576,0.001304146,https://s3.amazonaws.com/100daysofspice/1_25_17/1_25_17___42.jpg,1_25_17
43,0.007203755,4.46E-05,0.000262012,2.52E-07,1.10E-06,0.6992695,0.293216944,1.88E-06,https://s3.amazonaws.com/100daysofspice/1_25_17/1_25_17___43.jpg,1_25_17
44,0.002517105,4.91E-05,0.000256639,1.32E-07,2.84E-06,0.6616028,0.335569948,1.50E-06,https://s3.amazonaws.com/100daysofspice/1_25_17/1_25_17___44.jpg,1_25_17
45,0.028365364,0.000139455,0.003318352,1.16E-05,8.55E-07,0.6850757,0.283032,5.67E-05,https://s3.amazonaws.com/100daysofspice/1_25_17/1_25_17___45.jpg,1_25_17
46,0.174253657,0.007863533,0.018930458,0.000210766,6.44E-05,0.777706563,0.007827245,0.013143368,https://s3.amazonaws.com/100daysofspice/1_25_17/1_25_17___46.jpg,1_25_17
47,0.004560897,0.000583133,0.007199412,0.000277361,5.88E-05,0.789447665,0.191862136,0.006010597,https://s3.amazonaws.com/100daysofspice/1_25_17/1_25_17___47.jpg,1_25_17
48,0.003281475,0.000129738,0.000112339,1.72E-08,7.14E-06,0.8500604,0.146408692,2.11E-07,https://s3.amazonaws.com/100daysofspice/1_25_17/1_25_17___48.jpg,1_25_17
49,0.017874746,0.000170249,0.001823862,9.83E-06,5.14E-06,0.640641749,0.339426517,4.79E-05,https://s3.amazonaws.com/100daysofspice/1_25_17/1_25_17___49.jpg,1_25_17
50,0.019630676,0.000133505,0.003685176,8.67E-06,1.42E-06,0.5354592,0.441041827,3.95E-05,https://s3.amazonaws.com/100daysofspice/1_25_17/1_25_17___50.jpg,1_25_17
51,0.005955529,7.29E-05,0.000524676,1.83E-06,1.09E-06,0.734975,0.258451879,1.71E-05,https://s3.amazonaws.com/100daysofspice/1_25_17/1_25_17___51.jpg,1_25_17
52,0.00046843,7.51E-06,3.72E-05,6.87E-09,1.13E-07,0.7410919,0.258394659,1.78E-07,https://s3.amazonaws.com/100daysofspice/1_25_17/1_25_17___52.jpg,1_25_17
53,0.000972479,1.54E-05,0.000106963,3.17E-08,2.56E-07,0.5047192,0.494185418,2.09E-07,https://s3.amazonaws.com/100daysofspice/1_25_17/1_25_17___53.jpg,1_25_17
54,0.03049519,0.000163355,0.002360907,1.28E-05,1.75E-06,0.6841577,0.282728523,7.97E-05,https://s3.amazonaws.com/100daysofspice/1_25_17/1_25_17___54.jpg,1_25_17
55,0.00039645,3.72E-05,9.53E-05,2.16E-07,2.65E-05,0.6996146,0.299828023,1.72E-06,https://s3.amazonaws.com/100daysofspice/1_25_17/1_25_17___55.jpg,1_25_17
56,0.005581787,7.15E-05,0.000759933,4.79E-06,2.00E-05,0.7236014,0.269923776,3.68E-05,https://s3.amazonaws.com/100daysofspice/1_25_17/1_25_17___56.jpg,1_25_17
57,0.005301829,5.90E-05,0.000969338,6.82E-07,2.91E-05,0.6914046,0.302230358,5.05E-06,https://s3.amazonaws.com/100daysofspice/1_25_17/1_25_17___57.jpg,1_25_17
58,0.10873697,0.010851626,0.020998502,0.002692102,0.002165076,0.7816342,0.010173414,0.06274809,https://s3.amazonaws.com/100daysofspice/1_25_17/1_25_17___58.jpg,1_25_17
59,0.000160677,1.38E-05,6.48E-06,2.36E-09,1.01E-05,0.816398,0.1834108,3.34E-08,https://s3.amazonaws.com/100daysofspice/1_25_17/1_25_17___59.jpg,1_25_17
60,0.000521479,4.16E-06,1.55E-05,4.87E-09,6.67E-07,0.8286234,0.17083475,5.94E-08,https://s3.amazonaws.com/100daysofspice/1_25_17/1_25_17___60.jpg,1_25_17
61,0.000704564,4.09E-06,2.34E-05,4.27E-09,2.99E-08,0.415482342,0.583785534,1.48E-08,https://s3.amazonaws.com/100daysofspice/1_25_17/1_25_17___61.jpg,1_25_17
62,0.000316195,1.00E-05,3.16E-05,2.10E-08,1.79E-06,0.7404162,0.259223849,2.24E-07,https://s3.amazonaws.com/100daysofspice/1_25_17/1_25_17___62.jpg,1_25_17
63,0.000321159,5.46E-05,2.14E-05,1.38E-08,7.58E-06,0.841739655,0.157855317,2.90E-07,https://s3.amazonaws.com/100daysofspice/1_25_17/1_25_17___63.jpg,1_25_17
64,0.009774567,4.33E-05,0.000787393,9.30E-06,3.79E-06,0.681159556,0.3081917,3.04E-05,https://s3.amazonaws.com/100daysofspice/1_25_17/1_25_17___64.jpg,1_25_17
65,0.000417856,1.51E-05,3.83E-05,5.04E-08,8.12E-06,0.890068531,0.109451219,8.80E-07,https://s3.amazonaws.com/100daysofspice/1_25_17/1_25_17___65.jpg,1_25_17
66,0.002965244,8.33E-06,0.000159646,4.89E-08,1.62E-06,0.6084953,0.38836956,2.34E-07,https://s3.amazonaws.com/100daysofspice/1_25_17/1_25_17___66.jpg,1_25_17
67,0.00188036,6.81E-05,0.000545408,1.44E-06,1.94E-05,0.7519096,0.245560929,1.48E-05,https://s3.amazonaws.com/100daysofspice/1_25_17/1_25_17___67.jpg,1_25_17
68,0.002825794,7.99E-06,3.52E-05,2.01E-08,3.05E-07,0.5503203,0.4468103,2.98E-08,https://s3.amazonaws.com/100daysofspice/1_25_17/1_25_17___68.jpg,1_25_17
69,0.102200821,0.002662029,0.020130754,0.000732318,4.44E-05,0.771347463,0.0059015,0.09698074,https://s3.amazonaws.com/100daysofspice/1_25_17/1_25_17___69.jpg,1_25_17
70,0.090001926,0.011926473,0.04120938,0.001346554,0.0011928,0.765858054,0.009499433,0.0789654,https://s3.amazonaws.com/100daysofspice/1_25_17/1_25_17___70.jpg,1_25_17
71,0.018962123,0.000632715,0.003403062,5.23E-05,0.000265337,0.795402944,0.180995747,0.000285847,https://s3.amazonaws.com/100daysofspice/1_25_17/1_25_17___71.jpg,1_25_17
72,0.000145259,2.70E-06,8.05E-06,1.00E-09,2.09E-06,0.7538177,0.246024236,1.43E-08,https://s3.amazonaws.com/100daysofspice/1_25_17/1_25_17___72.jpg,1_25_17
73,0.004271519,1.28E-05,9.22E-05,8.60E-09,1.18E-07,0.475851625,0.5197717,2.50E-08,https://s3.amazonaws.com/100daysofspice/1_25_17/1_25_17___73.jpg,1_25_17
74,0.000667512,5.75E-06,5.80E-05,1.37E-08,1.57E-06,0.631354451,0.36791265,8.59E-08,https://s3.amazonaws.com/100daysofspice/1_25_17/1_25_17___74.jpg,1_25_17
75,0.150530443,0.009401139,0.048461154,0.010552167,0.000150963,0.609615743,0.0201731,0.151115283,https://s3.amazonaws.com/100daysofspice/1_25_17/1_25_17___75.jpg,1_25_17
76,0.000619959,1.49E-05,3.07E-05,3.18E-08,1.14E-05,0.6940446,0.30527842,1.03E-07,https://s3.amazonaws.com/100daysofspice/1_25_17/1_25_17___76.jpg,1_25_17
77,0.014991529,0.000167264,0.00482454,8.44E-06,9.96E-05,0.6581403,0.321739376,2.89E-05,https://s3.amazonaws.com/100daysofspice/1_25_17/1_25_17___77.jpg,1_25_17
78,0.000947407,4.83E-05,0.000113677,3.09E-08,8.89E-06,0.6840685,0.314813018,2.24E-07,https://s3.amazonaws.com/100daysofspice/1_25_17/1_25_17___78.jpg,1_25_17
79,0.062462438,0.003494833,0.0337742,0.00038503,0.000365925,0.837646842,0.006941528,0.054929216,https://s3.amazonaws.com/100daysofspice/1_25_17/1_25_17___79.jpg,1_25_17
80,0.002672591,6.02E-06,6.34E-05,6.45E-09,2.71E-07,0.49676618,0.50049144,1.77E-08,https://s3.amazonaws.com/100daysofspice/1_25_17/1_25_17___80.jpg,1_25_17
81,0.004809123,0.000731811,0.007465405,0.00030873,6.13E-05,0.7318876,0.25005883,0.004677228,https://s3.amazonaws.com/100daysofspice/1_25_17/1_25_17___81.jpg,1_25_17
82,0.000730354,5.65E-05,4.81E-05,3.66E-08,2.97E-05,0.7817993,0.217335641,3.21E-07,https://s3.amazonaws.com/100daysofspice/1_25_17/1_25_17___82.jpg,1_25_17
83,0.249787018,0.015106387,0.0735958,0.002497769,0.00043808,0.5671209,0.012458248,0.07899579,https://s3.amazonaws.com/100daysofspice/1_25_17/1_25_17___83.jpg,1_25_17
84,0.010470811,0.00147614,0.029349458,0.000350779,0.000230619,0.6560714,0.29669562,0.005355173,https://s3.amazonaws.com/100daysofspice/1_25_17/1_25_17___84.jpg,1_25_17
85,0.002936346,4.77E-05,0.000212719,4.47E-07,7.99E-05,0.797691643,0.1990281,3.22E-06,https://s3.amazonaws.com/100daysofspice/1_25_17/1_25_17___85.jpg,1_25_17
86,0.000135867,3.92E-05,5.00E-05,2.38E-07,3.22E-05,0.696430564,0.30331108,8.87E-07,https://s3.amazonaws.com/100daysofspice/1_25_17/1_25_17___86.jpg,1_25_17
87,8.15E-05,2.42E-06,3.48E-06,8.95E-10,3.59E-06,0.856745064,0.1431639,1.91E-08,https://s3.amazonaws.com/100daysofspice/1_25_17/1_25_17___87.jpg,1_25_17
88,0.004855877,1.30E-05,0.000140614,1.62E-07,1.66E-06,0.621694267,0.373293936,4.84E-07,https://s3.amazonaws.com/100daysofspice/1_25_17/1_25_17___88.jpg,1_25_17
89,0.084951684,0.005642122,0.018638376,9.03E-05,0.000461859,0.8725249,0.001452578,0.016238179,https://s3.amazonaws.com/100daysofspice/1_25_17/1_25_17___89.jpg,1_25_17
90,0.000437591,0.000176998,0.000182208,4.87E-07,0.000713191,0.860732,0.137751922,5.61E-06,https://s3.amazonaws.com/100daysofspice/1_25_17/1_25_17___90.jpg,1_25_17
91,0.0538054,0.007440814,0.023944456,0.000374301,0.00333516,0.8139686,0.003363899,0.093767345,https://s3.amazonaws.com/100daysofspice/1_25_17/1_25_17___91.jpg,1_25_17
92,0.019077148,0.004156876,0.04109115,0.00185511,8.40E-05,0.5370422,0.38049686,0.01619662,https://s3.amazonaws.com/100daysofspice/1_25_17/1_25_17___92.jpg,1_25_17
93,0.007362117,0.000178845,0.000977253,4.96E-06,6.80E-06,0.8001294,0.191267252,7.34E-05,https://s3.amazonaws.com/100daysofspice/1_25_17/1_25_17___93.jpg,1_25_17
94,0.002827294,0.00015109,0.000348515,2.45E-07,1.31E-06,0.74118036,0.255486369,4.79E-06,https://s3.amazonaws.com/100daysofspice/1_25_17/1_25_17___94.jpg,1_25_17
95,0.05402281,0.001338958,0.013915137,0.000164532,0.000411799,0.8877146,0.005152447,0.037279703,https://s3.amazonaws.com/100daysofspice/1_25_17/1_25_17___95.jpg,1_25_17
96,0.001867306,4.94E-05,0.000595562,1.61E-06,9.12E-06,0.863401532,0.13402161,5.39E-05,https://s3.amazonaws.com/100daysofspice/1_25_17/1_25_17___96.jpg,1_25_17
97,0.042048316,0.001836922,0.000194783,5.35E-07,5.30E-06,0.954363048,0.001537997,1.31E-05,https://s3.amazonaws.com/100daysofspice/1_25_17/1_25_17___97.jpg,1_25_17
98,0.01135835,0.002220287,0.000391163,8.09E-06,9.72E-05,0.9843032,0.001015694,0.000606078,https://s3.amazonaws.com/100daysofspice/1_25_17/1_25_17___98.jpg,1_25_17
99,0.05222506,0.001128318,0.016071431,0.000149052,8.33E-05,0.791264653,0.136180252,0.002897884,https://s3.amazonaws.com/100daysofspice/1_25_17/1_25_17___99.jpg,1_25_17
100,0.000510814,0.000101219,0.000163537,4.90E-07,4.03E-05,0.765777647,0.2333967,9.32E-06,https://s3.amazonaws.com/100daysofspice/1_25_17/1_25_17___100.jpg,1_25_17
101,0.04344578,0.001315555,0.016488036,0.000520768,6.34E-05,0.7989908,0.116781451,0.022394277,https://s3.amazonaws.com/100daysofspice/1_25_17/1_25_17___101.jpg,1_25_17
102,0.004871035,7.34E-05,0.000472048,1.41E-06,3.02E-06,0.760022938,0.234535828,2.03E-05,https://s3.amazonaws.com/100daysofspice/1_25_17/1_25_17___102.jpg,1_25_17
103,0.001301886,0.000218046,0.000258984,1.99E-07,2.06E-05,0.8011176,0.197080165,2.54E-06,https://s3.amazonaws.com/100daysofspice/1_25_17/1_25_17___103.jpg,1_25_17
104,0.000238267,3.01E-05,5.56E-05,7.34E-08,1.90E-05,0.6421393,0.357516825,8.09E-07,https://s3.amazonaws.com/100daysofspice/1_25_17/1_25_17___104.jpg,1_25_17
105,0.001023624,6.21E-05,0.000147295,3.10E-07,3.26E-06,0.725931346,0.2728288,3.28E-06,https://s3.amazonaws.com/100daysofspice/1_25_17/1_25_17___105.jpg,1_25_17
106,0.0010124,1.34E-05,9.56E-05,1.20E-07,3.76E-07,0.868780136,0.130093813,4.20E-06,https://s3.amazonaws.com/100daysofspice/1_25_17/1_25_17___106.jpg,1_25_17
107,0.0080187,0.000138587,0.001268936,3.03E-06,8.77E-07,0.4950814,0.495470136,1.83E-05,https://s3.amazonaws.com/100daysofspice/1_25_17/1_25_17___107.jpg,1_25_17
108,0.000879681,0.000450851,0.000423251,3.27E-06,5.56E-05,0.7781549,0.220000014,3.24E-05,https://s3.amazonaws.com/100daysofspice/1_25_17/1_25_17___108.jpg,1_25_17
109,0.001167136,0.000132561,0.000193748,8.89E-07,1.11E-05,0.8471046,0.151370659,1.93E-05,https://s3.amazonaws.com/100daysofspice/1_25_17/1_25_17___109.jpg,1_25_17
110,0.00875043,0.000541002,0.00954688,0.000385279,4.13E-05,0.6698396,0.30745095,0.003444499,https://s3.amazonaws.com/100daysofspice/1_25_17/1_25_17___110.jpg,1_25_17
111,0.01658103,0.000396147,0.007746592,7.98E-05,3.60E-05,0.864399254,0.105084568,0.005676648,https://s3.amazonaws.com/100daysofspice/1_25_17/1_25_17___111.jpg,1_25_17
112,0.002025777,0.000594911,0.000456304,3.75E-06,4.57E-05,0.8796619,0.117138907,7.27E-05,https://s3.amazonaws.com/100daysofspice/1_25_17/1_25_17___112.jpg,1_25_17
113,0.006879649,0.001526435,0.003224353,1.18E-05,0.000111455,0.851383865,0.136658221,0.000204223,https://s3.amazonaws.com/100daysofspice/1_25_17/1_25_17___113.jpg,1_25_17
114,0.006025204,0.000315009,0.004209384,5.25E-05,6.27E-05,0.861689,0.126204237,0.001442008,https://s3.amazonaws.com/100daysofspice/1_25_17/1_25_17___114.jpg,1_25_17
115,0.002821,7.58E-05,0.000748155,2.25E-06,5.47E-06,0.6883256,0.3079983,2.34E-05,https://s3.amazonaws.com/100daysofspice/1_25_17/1_25_17___115.jpg,1_25_17
116,0.006169757,0.000207375,0.003445192,9.83E-06,0.000165923,0.8286907,0.161220267,9.09E-05,https://s3.amazonaws.com/100daysofspice/1_25_17/1_25_17___116.jpg,1_25_17
117,0.019457808,0.001745444,0.012862126,9.20E-05,0.000224871,0.943050861,0.012403406,0.010163462,https://s3.amazonaws.com/100daysofspice/1_25_17/1_25_17___117.jpg,1_25_17
118,0.002814829,0.000737307,0.002523134,7.17E-05,0.000572797,0.7781575,0.214434162,0.000688592,https://s3.amazonaws.com/100daysofspice/1_25_17/1_25_17___118.jpg,1_25_17
119,0.002599428,0.000245759,0.000424781,8.89E-07,1.64E-05,0.9261218,0.070563115,2.78E-05,https://s3.amazonaws.com/100daysofspice/1_25_17/1_25_17___119.jpg,1_25_17
120,9.14E-05,5.35E-05,4.27E-05,2.58E-08,2.86E-06,0.87818265,0.1216253,1.56E-06,https://s3.amazonaws.com/100daysofspice/1_25_17/1_25_17___120.jpg,1_25_17
121,0.08271222,0.002887386,0.036914438,0.000154564,0.000748728,0.6147837,0.002881018,0.258917928,https://s3.amazonaws.com/100daysofspice/1_25_17/1_25_17___121.jpg,1_25_17
122,0.001013416,0.000124146,0.000150865,3.94E-07,5.14E-05,0.770581365,0.228074476,3.91E-06,https://s3.amazonaws.com/100daysofspice/1_25_17/1_25_17___122.jpg,1_25_17
123,0.000608553,0.00011253,0.000177619,2.16E-07,0.000113292,0.830228865,0.168756172,2.78E-06,https://s3.amazonaws.com/100daysofspice/1_25_17/1_25_17___123.jpg,1_25_17
124,0.062484134,0.0021263,0.0007654,7.07E-05,2.41E-06,0.92731446,0.005512447,0.001724152,https://s3.amazonaws.com/100daysofspice/1_25_17/1_25_17___124.jpg,1_25_17
125,0.001543946,3.90E-05,0.000315184,2.59E-06,7.55E-06,0.80874753,0.18928656,5.77E-05,https://s3.amazonaws.com/100daysofspice/1_25_17/1_25_17___125.jpg,1_25_17
126,0.102143787,0.001693541,0.020797217,0.000495854,8.72E-05,0.770930946,0.003127335,0.100724123,https://s3.amazonaws.com/100daysofspice/1_25_17/1_25_17___126.jpg,1_25_17
127,0.00286907,0.000163212,0.00100505,5.98E-06,0.000125148,0.906300843,0.089422494,0.000108186,https://s3.amazonaws.com/100daysofspice/1_25_17/1_25_17___127.jpg,1_25_17
128,0.000599716,4.89E-05,0.00036819,1.07E-07,2.41E-05,0.7693534,0.229603589,2.01E-06,https://s3.amazonaws.com/100daysofspice/1_25_17/1_25_17___128.jpg,1_25_17
129,0.02548719,0.008341317,0.019250339,0.000180994,0.001815855,0.92607224,0.003058569,0.015793484,https://s3.amazonaws.com/100daysofspice/1_25_17/1_25_17___129.jpg,1_25_17
130,0.050574366,0.006716017,0.002793598,0.000141612,0.000131597,0.9300555,0.005819078,0.003768235,https://s3.amazonaws.com/100daysofspice/1_25_17/1_25_17___130.jpg,1_25_17
131,0.013697109,0.000798993,0.00938452,0.000119546,0.001701778,0.7973355,0.176511288,0.000451282,https://s3.amazonaws.com/100daysofspice/1_25_17/1_25_17___131.jpg,1_25_17
132,0.01575894,0.000228101,0.00209883,3.72E-05,3.99E-05,0.7715238,0.21013,0.000183222,https://s3.amazonaws.com/100daysofspice/1_25_17/1_25_17___132.jpg,1_25_17
133,0.000631469,3.78E-05,5.56E-05,1.45E-08,7.95E-07,0.789432049,0.209842026,3.28E-07,https://s3.amazonaws.com/100daysofspice/1_25_17/1_25_17___133.jpg,1_25_17
134,0.000299385,3.97E-05,4.27E-05,2.59E-08,3.48E-05,0.8235874,0.175995544,3.68E-07,https://s3.amazonaws.com/100daysofspice/1_25_17/1_25_17___134.jpg,1_25_17
135,0.003063648,7.20E-05,0.000397949,1.18E-07,2.25E-06,0.5975328,0.3989304,8.01E-07,https://s3.amazonaws.com/100daysofspice/1_25_17/1_25_17___135.jpg,1_25_17
136,0.002075146,1.55E-05,0.000178089,4.97E-08,4.45E-07,0.6552541,0.342476249,4.13E-07,https://s3.amazonaws.com/100daysofspice/1_25_17/1_25_17___136.jpg,1_25_17
137,0.000652743,8.68E-06,5.14E-05,9.93E-08,2.51E-06,0.8288574,0.170425013,2.12E-06,https://s3.amazonaws.com/100daysofspice/1_25_17/1_25_17___137.jpg,1_25_17
138,0.165920019,0.009209154,0.012845459,0.000455674,2.55E-05,0.780335248,0.019511702,0.01169725,https://s3.amazonaws.com/100daysofspice/1_25_17/1_25_17___138.jpg,1_25_17
139,0.007042974,0.000243967,0.004816643,4.29E-05,4.51E-05,0.810091138,0.17693451,0.000782816,https://s3.amazonaws.com/100daysofspice/1_25_17/1_25_17___139.jpg,1_25_17
140,0.000413046,3.16E-05,5.09E-05,1.46E-07,1.84E-05,0.9071851,0.09229588,5.06E-06,https://s3.amazonaws.com/100daysofspice/1_25_17/1_25_17___140.jpg,1_25_17
141,0.04988266,0.003581882,0.010641051,0.000150074,0.000250602,0.9062874,0.026702328,0.002504005,https://s3.amazonaws.com/100daysofspice/1_25_17/1_25_17___141.jpg,1_25_17
142,0.003579939,1.65E-05,0.000219635,2.53E-07,1.36E-06,0.684854448,0.311325818,2.11E-06,https://s3.amazonaws.com/100daysofspice/1_25_17/1_25_17___142.jpg,1_25_17
143,0.0323528,0.00177009,0.000975231,2.95E-05,6.03E-06,0.9617039,0.001584687,0.001577769,https://s3.amazonaws.com/100daysofspice/1_25_17/1_25_17___143.jpg,1_25_17
144,0.002220066,2.50E-05,0.000379737,3.14E-07,1.04E-05,0.7232918,0.274068624,4.05E-06,https://s3.amazonaws.com/100daysofspice/1_25_17/1_25_17___144.jpg,1_25_17
145,0.24432531,0.0081435,0.017304065,0.001902858,0.000364193,0.6771072,0.015607788,0.035245087,https://s3.amazonaws.com/100daysofspice/1_25_17/1_25_17___145.jpg,1_25_17
146,0.004302133,0.000167203,0.000890329,2.08E-06,1.83E-06,0.779220045,0.2153761,4.03E-05,https://s3.amazonaws.com/100daysofspice/1_25_17/1_25_17___146.jpg,1_25_17
147,0.001429297,6.73E-06,0.000151686,1.34E-07,1.55E-05,0.876906753,0.121488668,1.24E-06,https://s3.amazonaws.com/100daysofspice/1_25_17/1_25_17___147.jpg,1_25_17
148,0.00566426,0.000215664,0.001468754,3.46E-06,5.24E-05,0.7494549,0.243096218,4.43E-05,https://s3.amazonaws.com/100daysofspice/1_25_17/1_25_17___148.jpg,1_25_17
149,0.321185917,0.00724221,0.05782162,0.002848621,0.000534036,0.563911736,0.015917622,0.030538246,https://s3.amazonaws.com/100daysofspice/1_25_17/1_25_17___149.jpg,1_25_17
150,0.002779966,9.25E-05,0.00041611,1.50E-07,2.01E-05,0.7719126,0.224777371,1.27E-06,https://s3.amazonaws.com/100daysofspice/1_25_17/1_25_17___150.jpg,1_25_17
151,0.047856275,0.00562643,0.027902741,0.002415079,0.00015503,0.836668849,0.03876388,0.040611725,https://s3.amazonaws.com/100daysofspice/1_25_17/1_25_17___151.jpg,1_25_17
152,0.001114381,3.34E-05,5.15E-05,6.45E-08,7.09E-06,0.848639667,0.1501525,1.40E-06,https://s3.amazonaws.com/100daysofspice/1_25_17/1_25_17___152.jpg,1_25_17
153,0.000113266,2.33E-06,7.15E-06,6.44E-09,3.31E-06,0.8649687,0.134905085,1.23E-07,https://s3.amazonaws.com/100daysofspice/1_25_17/1_25_17___153.jpg,1_25_17
154,0.011059891,0.000585045,0.003926911,9.27E-06,0.000233639,0.655365646,0.3287773,4.23E-05,https://s3.amazonaws.com/100daysofspice/1_25_17/1_25_17___154.jpg,1_25_17
155,0.000276416,7.02E-06,2.06E-05,2.39E-08,4.95E-06,0.8339445,0.165746167,3.89E-07,https://s3.amazonaws.com/100daysofspice/1_25_17/1_25_17___155.jpg,1_25_17
156,0.000699486,8.04E-05,0.000188279,4.82E-08,8.26E-05,0.904332638,0.09461552,1.01E-06,https://s3.amazonaws.com/100daysofspice/1_25_17/1_25_17___156.jpg,1_25_17
157,0.001260528,3.54E-05,0.00021654,4.61E-07,3.79E-05,0.835084558,0.163359091,5.46E-06,https://s3.amazonaws.com/100daysofspice/1_25_17/1_25_17___157.jpg,1_25_17
158,0.006339344,0.000618588,0.001891053,0.000107946,1.11E-05,0.738335252,0.25129506,0.001401724,https://s3.amazonaws.com/100daysofspice/1_25_17/1_25_17___158.jpg,1_25_17
159,0.001681441,8.59E-05,0.000233947,1.40E-07,2.52E-05,0.7485449,0.249427035,1.47E-06,https://s3.amazonaws.com/100daysofspice/1_25_17/1_25_17___159.jpg,1_25_17
160,0.011472713,0.000745151,0.003461608,0.000366993,4.43E-05,0.9121209,0.023021363,0.04876705,https://s3.amazonaws.com/100daysofspice/1_25_17/1_25_17___160.jpg,1_25_17
161,0.000849514,6.15E-06,1.87E-05,1.05E-08,3.02E-06,0.80771786,0.191404641,5.36E-08,https://s3.amazonaws.com/100daysofspice/1_25_17/1_25_17___161.jpg,1_25_17
162,0.013114385,0.000231604,0.005611219,5.69E-05,7.41E-05,0.6901279,0.290623844,0.000160052,https://s3.amazonaws.com/100daysofspice/1_25_17/1_25_17___162.jpg,1_25_17
163,0.000318806,6.74E-06,1.48E-05,4.51E-09,2.58E-06,0.7091393,0.290517718,2.91E-08,https://s3.amazonaws.com/100daysofspice/1_25_17/1_25_17___163.jpg,1_25_17
164,0.003331458,0.000350984,0.001327685,9.40E-06,0.000362346,0.8379847,0.15654473,8.87E-05,https://s3.amazonaws.com/100daysofspice/1_25_17/1_25_17___164.jpg,1_25_17
165,0.000308867,1.21E-05,3.07E-05,3.17E-08,2.74E-05,0.779611,0.220009714,2.03E-07,https://s3.amazonaws.com/100daysofspice/1_25_17/1_25_17___165.jpg,1_25_17
166,0.098633945,0.00121702,0.01829964,2.75E-05,0.001005602,0.766999841,0.000616303,0.11320015,https://s3.amazonaws.com/100daysofspice/1_25_17/1_25_17___166.jpg,1_25_17
167,0.12415199,0.004925582,0.023727816,0.000643445,0.000242938,0.722532749,0.006365259,0.11741019,https://s3.amazonaws.com/100daysofspice/1_25_17/1_25_17___167.jpg,1_25_17
168,0.00036678,3.53E-05,7.73E-05,7.12E-08,1.03E-05,0.871748149,0.127759978,2.13E-06,https://s3.amazonaws.com/100daysofspice/1_25_17/1_25_17___168.jpg,1_25_17
169,0.01978928,0.000306201,0.001556308,3.87E-05,5.49E-06,0.8640376,0.113451153,0.00081531,https://s3.amazonaws.com/100daysofspice/1_25_17/1_25_17___169.jpg,1_25_17
170,0.000270616,3.84E-05,9.93E-05,4.08E-07,8.57E-06,0.7994335,0.200135127,1.41E-05,https://s3.amazonaws.com/100daysofspice/1_25_17/1_25_17___170.jpg,1_25_17
171,0.001646208,0.000154604,0.000684892,3.45E-06,6.50E-06,0.6719441,0.325532645,2.76E-05,https://s3.amazonaws.com/100daysofspice/1_25_17/1_25_17___171.jpg,1_25_17
172,0.011817115,0.000252999,0.003318232,4.34E-05,1.86E-06,0.6902223,0.293904245,0.000439778,https://s3.amazonaws.com/100daysofspice/1_25_17/1_25_17___172.jpg,1_25_17
173,0.008824371,0.000243803,0.004044964,5.95E-05,1.73E-05,0.8516272,0.132481053,0.002701861,https://s3.amazonaws.com/100daysofspice/1_25_17/1_25_17___173.jpg,1_25_17
174,0.056743838,0.002017798,0.001293864,5.55E-05,3.81E-06,0.9264688,0.01294269,0.000473656,https://s3.amazonaws.com/100daysofspice/1_25_17/1_25_17___174.jpg,1_25_17
175,0.006468675,0.000499471,0.001870748,5.39E-05,3.53E-05,0.885742068,0.104388766,0.000940985,https://s3.amazonaws.com/100daysofspice/1_25_17/1_25_17___175.jpg,1_25_17
176,0.007540721,0.00040422,0.002163828,3.66E-05,0.000110624,0.796373844,0.192996159,0.000373946,https://s3.amazonaws.com/100daysofspice/1_25_17/1_25_17___176.jpg,1_25_17
177,0.002374918,0.000199133,0.000453564,3.05E-06,1.05E-05,0.8005824,0.196316928,5.96E-05,https://s3.amazonaws.com/100daysofspice/1_25_17/1_25_17___177.jpg,1_25_17
178,0.003923084,0.00015672,0.000501624,2.19E-07,1.32E-06,0.5803137,0.4151019,1.46E-06,https://s3.amazonaws.com/100daysofspice/1_25_17/1_25_17___178.jpg,1_25_17
179,0.000639606,8.64E-05,0.000155259,7.34E-07,1.70E-05,0.8601818,0.138906032,1.32E-05,https://s3.amazonaws.com/100daysofspice/1_25_17/1_25_17___179.jpg,1_25_17
180,0.016448058,0.000570779,0.007086883,0.000188298,4.40E-05,0.829866,0.142330274,0.003465772,https://s3.amazonaws.com/100daysofspice/1_25_17/1_25_17___180.jpg,1_25_17
181,0.007318056,0.000281438,0.006499584,0.000158046,5.66E-05,0.710426331,0.274268836,0.000991124,https://s3.amazonaws.com/100daysofspice/1_25_17/1_25_17___181.jpg,1_25_17
182,0.002521302,0.000220734,0.0008492,2.23E-06,1.75E-06,0.6415399,0.3548516,1.33E-05,https://s3.amazonaws.com/100daysofspice/1_25_17/1_25_17___182.jpg,1_25_17
183,0.001674837,0.000117118,0.000797377,6.01E-06,2.79E-05,0.7787106,0.2185843,8.19E-05,https://s3.amazonaws.com/100daysofspice/1_25_17/1_25_17___183.jpg,1_25_17
184,0.15973404,0.018864172,0.028702688,0.002940338,0.001325845,0.7388355,0.025800992,0.023796408,https://s3.amazonaws.com/100daysofspice/1_25_17/1_25_17___184.jpg,1_25_17
185,0.01028045,0.000508916,0.004204423,9.38E-05,7.70E-05,0.8303557,0.151782632,0.002697128,https://s3.amazonaws.com/100daysofspice/1_25_17/1_25_17___185.jpg,1_25_17
186,0.000624772,0.00016142,0.00020227,5.67E-07,2.24E-05,0.780748248,0.2182317,8.63E-06,https://s3.amazonaws.com/100daysofspice/1_25_17/1_25_17___186.jpg,1_25_17
187,0.021583444,0.00177088,0.021015693,0.001789763,0.000222393,0.616186738,0.326427668,0.011003431,https://s3.amazonaws.com/100daysofspice/1_25_17/1_25_17___187.jpg,1_25_17
188,0.006206046,0.000181204,0.002696302,1.60E-05,6.29E-05,0.8405338,0.150035739,0.000268035,https://s3.amazonaws.com/100daysofspice/1_25_17/1_25_17___188.jpg,1_25_17
189,0.034212682,0.001733273,0.033252444,0.000737869,0.000129486,0.6790188,0.2480404,0.002875048,https://s3.amazonaws.com/100daysofspice/1_25_17/1_25_17___189.jpg,1_25_17
190,0.02016791,0.001362229,0.007684132,0.000596999,0.000135455,0.834714234,0.1269327,0.00840637,https://s3.amazonaws.com/100daysofspice/1_25_17/1_25_17___190.jpg,1_25_17
191,0.001298883,0.000312414,0.000448882,2.58E-06,3.68E-05,0.825894833,0.171969548,3.60E-05,https://s3.amazonaws.com/100daysofspice/1_25_17/1_25_17___191.jpg,1_25_17
192,0.015630567,0.000310007,0.004316151,5.95E-05,3.14E-05,0.9155541,0.061521787,0.002576515,https://s3.amazonaws.com/100daysofspice/1_25_17/1_25_17___192.jpg,1_25_17
193,0.041624427,0.004954427,0.028326359,0.000320514,0.001038241,0.886688352,0.022857841,0.014189847,https://s3.amazonaws.com/100daysofspice/1_25_17/1_25_17___193.jpg,1_25_17
194,0.001358732,3.07E-05,0.000280305,8.49E-07,3.17E-05,0.810952842,0.187326312,1.86E-05,https://s3.amazonaws.com/100daysofspice/1_25_17/1_25_17___194.jpg,1_25_17
195,0.001831629,2.39E-05,0.000132748,2.47E-07,9.45E-07,0.6944219,0.30358693,1.68E-06,https://s3.amazonaws.com/100daysofspice/1_25_17/1_25_17___195.jpg,1_25_17
196,0.018612012,0.000448222,0.003765792,2.88E-05,5.15E-05,0.551451743,0.4255583,8.36E-05,https://s3.amazonaws.com/100daysofspice/1_25_17/1_25_17___196.jpg,1_25_17
197,0.12077333,0.006593104,0.014229945,0.00117916,6.18E-05,0.8013044,0.03765452,0.018203778,https://s3.amazonaws.com/100daysofspice/1_25_17/1_25_17___197.jpg,1_25_17
198,0.000686809,0.000108973,0.000568308,3.13E-06,1.61E-05,0.636158,0.362424523,3.42E-05,https://s3.amazonaws.com/100daysofspice/1_25_17/1_25_17___198.jpg,1_25_17
199,0.001440234,9.20E-05,0.000132631,4.03E-07,8.68E-06,0.838136435,0.160181567,8.09E-06,https://s3.amazonaws.com/100daysofspice/1_25_17/1_25_17___199.jpg,1_25_17
200,0.006850499,0.000251068,0.002180707,3.20E-05,0.000107464,0.6947836,0.2955938,0.000200832,https://s3.amazonaws.com/100daysofspice/1_25_17/1_25_17___200.jpg,1_25_17
201,0.010295237,0.000181387,0.003135148,2.91E-05,1.59E-05,0.6528337,0.3333671,0.000142368,https://s3.amazonaws.com/100daysofspice/1_25_17/1_25_17___201.jpg,1_25_17
202,0.000948628,0.000216452,0.000238883,3.92E-07,2.16E-05,0.847637236,0.150930017,6.77E-06,https://s3.amazonaws.com/100daysofspice/1_25_17/1_25_17___202.jpg,1_25_17
203,0.00495905,8.58E-05,0.000384894,3.60E-06,1.80E-05,0.8442486,0.15023534,6.47E-05,https://s3.amazonaws.com/100daysofspice/1_25_17/1_25_17___203.jpg,1_25_17
204,0.00198437,0.000227107,0.000118556,1.53E-07,7.26E-06,0.841616,0.156043619,2.96E-06,https://s3.amazonaws.com/100daysofspice/1_25_17/1_25_17___204.jpg,1_25_17
205,0.001302262,4.01E-05,0.000129291,2.80E-07,1.79E-05,0.820323765,0.178180635,5.68E-06,https://s3.amazonaws.com/100daysofspice/1_25_17/1_25_17___205.jpg,1_25_17
206,0.003070241,4.06E-05,0.000175069,2.79E-07,1.22E-06,0.7983788,0.19833006,3.70E-06,https://s3.amazonaws.com/100daysofspice/1_25_17/1_25_17___206.jpg,1_25_17
207,0.010814673,0.00029781,0.004365395,0.0001286,4.17E-05,0.920992136,0.029340725,0.034018897,https://s3.amazonaws.com/100daysofspice/1_25_17/1_25_17___207.jpg,1_25_17
208,0.08507871,0.007450128,0.003153536,0.000152079,2.75E-05,0.880621731,0.021631943,0.00188432,https://s3.amazonaws.com/100daysofspice/1_25_17/1_25_17___208.jpg,1_25_17
209,0.001175533,0.000104142,0.000204086,1.75E-07,2.21E-05,0.7737938,0.224697724,2.41E-06,https://s3.amazonaws.com/100daysofspice/1_25_17/1_25_17___209.jpg,1_25_17
210,0.004835864,8.13E-05,0.000930708,1.26E-06,1.91E-06,0.467421055,0.5267218,6.08E-06,https://s3.amazonaws.com/100daysofspice/1_25_17/1_25_17___210.jpg,1_25_17
211,0.011779062,0.000307526,0.005399507,7.28E-05,0.000131161,0.859004557,0.120332085,0.002973335,https://s3.amazonaws.com/100daysofspice/1_25_17/1_25_17___211.jpg,1_25_17
212,0.144538864,0.00449062,0.032604173,0.000351948,0.000378627,0.787739158,0.009195956,0.020700632,https://s3.amazonaws.com/100daysofspice/1_25_17/1_25_17___212.jpg,1_25_17
213,0.268592834,0.002270585,0.05040534,0.000328567,5.64E-05,0.5075663,0.002031529,0.168748438,https://s3.amazonaws.com/100daysofspice/1_25_17/1_25_17___213.jpg,1_25_17
214,0.173651472,0.003538249,0.015290434,0.001843607,2.42E-05,0.754648,0.013343665,0.037660424,https://s3.amazonaws.com/100daysofspice/1_25_17/1_25_17___214.jpg,1_25_17
215,0.010747815,0.005447871,0.001261825,5.08E-06,7.25E-05,0.9802792,0.001516789,0.000668943,https://s3.amazonaws.com/100daysofspice/1_25_17/1_25_17___215.jpg,1_25_17
216,0.00306045,0.000237061,0.000374242,4.59E-06,6.45E-05,0.8834195,0.112760872,7.87E-05,https://s3.amazonaws.com/100daysofspice/1_25_17/1_25_17___216.jpg,1_25_17
217,0.014797079,1.49E-05,0.000151928,1.06E-07,8.00E-08,0.547453344,0.437582344,2.29E-07,https://s3.amazonaws.com/100daysofspice/1_25_17/1_25_17___217.jpg,1_25_17
218,0.012227342,0.000379157,0.002094894,6.88E-05,0.000122347,0.8256763,0.158930838,0.000500314,https://s3.amazonaws.com/100daysofspice/1_25_17/1_25_17___218.jpg,1_25_17
219,0.010352969,0.002399129,0.002426117,1.70E-05,0.000191001,0.9227066,0.061695103,0.000212095,https://s3.amazonaws.com/100daysofspice/1_25_17/1_25_17___219.jpg,1_25_17
220,0.006873655,2.70E-05,0.000236291,9.03E-08,2.72E-06,0.83563745,0.1572217,1.11E-06,https://s3.amazonaws.com/100daysofspice/1_25_17/1_25_17___220.jpg,1_25_17
221,0.002110574,0.0002467,0.000446296,1.35E-06,0.000717553,0.85862577,0.137837335,1.44E-05,https://s3.amazonaws.com/100daysofspice/1_25_17/1_25_17___221.jpg,1_25_17
222,0.007199578,0.000741013,0.000987239,2.18E-06,2.53E-05,0.7708243,0.2202028,1.76E-05,https://s3.amazonaws.com/100daysofspice/1_25_17/1_25_17___222.jpg,1_25_17
223,0.004054096,0.000134949,0.000864376,9.57E-07,3.54E-05,0.8468162,0.1480802,1.39E-05,https://s3.amazonaws.com/100daysofspice/1_25_17/1_25_17___223.jpg,1_25_17
224,0.09892701,0.004363295,0.028745642,0.001451668,0.000166852,0.79564,0.01678696,0.053918596,https://s3.amazonaws.com/100daysofspice/1_25_17/1_25_17___224.jpg,1_25_17
225,0.002290981,6.46E-05,0.000384347,9.25E-07,3.00E-05,0.707587659,0.289635569,5.90E-06,https://s3.amazonaws.com/100daysofspice/1_25_17/1_25_17___225.jpg,1_25_17
226,0.031981986,0.001449251,0.008951679,0.00027669,0.000348758,0.709829867,0.245739609,0.001422146,https://s3.amazonaws.com/100daysofspice/1_25_17/1_25_17___226.jpg,1_25_17
227,0.001560594,0.000129278,0.000190126,2.36E-07,3.67E-05,0.8544537,0.1436268,2.53E-06,https://s3.amazonaws.com/100daysofspice/1_25_17/1_25_17___227.jpg,1_25_17
228,0.001457514,1.65E-05,9.68E-05,2.46E-08,6.06E-07,0.512885,0.48554343,1.03E-07,https://s3.amazonaws.com/100daysofspice/1_25_17/1_25_17___228.jpg,1_25_17
229,0.011961816,0.000188357,0.003182493,2.80E-05,2.45E-05,0.5722269,0.412279457,0.000108497,https://s3.amazonaws.com/100daysofspice/1_25_17/1_25_17___229.jpg,1_25_17
230,0.00108414,9.85E-05,0.000323213,4.55E-07,0.000135513,0.816901445,0.181446835,9.88E-06,https://s3.amazonaws.com/100daysofspice/1_25_17/1_25_17___230.jpg,1_25_17
231,0.243113309,0.00473123,0.031578355,0.001439868,1.86E-05,0.6570266,0.00686763,0.05522442,https://s3.amazonaws.com/100daysofspice/1_25_17/1_25_17___231.jpg,1_25_17
232,0.033918522,0.008752091,0.000632016,1.23E-05,3.26E-05,0.9502634,0.006148147,0.000240988,https://s3.amazonaws.com/100daysofspice/1_25_17/1_25_17___232.jpg,1_25_17
233,0.004931117,0.000197774,0.000351533,3.10E-07,4.93E-06,0.7671664,0.227343887,4.05E-06,https://s3.amazonaws.com/100daysofspice/1_25_17/1_25_17___233.jpg,1_25_17
234,0.004178599,1.66E-05,7.87E-05,6.58E-08,3.83E-07,0.730884969,0.2648403,4.23E-07,https://s3.amazonaws.com/100daysofspice/1_25_17/1_25_17___234.jpg,1_25_17
235,0.208292738,0.002106775,0.004048093,0.000188987,9.43E-06,0.7702824,0.012696152,0.002375452,https://s3.amazonaws.com/100daysofspice/1_25_17/1_25_17___235.jpg,1_25_17
236,0.000329559,3.79E-05,4.38E-05,1.75E-08,4.37E-06,0.9273336,0.072249986,7.32E-07,https://s3.amazonaws.com/100daysofspice/1_25_17/1_25_17___236.jpg,1_25_17
237,0.005304818,0.000126775,0.000547834,3.00E-06,2.92E-05,0.8139723,0.179989561,2.65E-05,https://s3.amazonaws.com/100daysofspice/1_25_17/1_25_17___237.jpg,1_25_17
238,0.000109374,1.89E-05,1.27E-05,2.27E-09,7.54E-05,0.9437797,0.056003846,7.75E-08,https://s3.amazonaws.com/100daysofspice/1_25_17/1_25_17___238.jpg,1_25_17
239,0.000516206,1.96E-05,1.47E-05,7.90E-09,6.77E-06,0.7883127,0.211129948,8.88E-08,https://s3.amazonaws.com/100daysofspice/1_25_17/1_25_17___239.jpg,1_25_17
240,0.000629208,4.96E-05,8.14E-05,2.59E-08,4.59E-05,0.8093039,0.18988955,3.99E-07,https://s3.amazonaws.com/100daysofspice/1_25_17/1_25_17___240.jpg,1_25_17
241,0.19029358,0.002802616,0.04498732,0.001215601,0.000106736,0.369644523,0.004398043,0.3865516,https://s3.amazonaws.com/100daysofspice/1_25_17/1_25_17___241.jpg,1_25_17
242,0.001328582,2.38E-05,7.63E-05,1.08E-07,2.08E-05,0.7907416,0.2078083,5.04E-07,https://s3.amazonaws.com/100daysofspice/1_25_17/1_25_17___242.jpg,1_25_17
243,0.000322777,1.58E-05,3.12E-05,4.50E-08,2.78E-05,0.7949074,0.204694569,3.76E-07,https://s3.amazonaws.com/100daysofspice/1_25_17/1_25_17___243.jpg,1_25_17
